name,id,cur_rank,prev_rank,world,dc,points,points_delta,portrait,tier,wins,wins_delta,job
Jet Vermillion,50169213,1,0,Adamantoise,Aether,3249,0,969bede73be97218c58c658d33e58a68_1f5fd239b885860b7c2bfc72ad1d97effc0_96x96.jpg?1708076102,Crystal,101,0,UNK
Sena Yehn,45889375,2,0,Adamantoise,Aether,2377,12,51a0c92192dd2a74b4baba06f531d30f_1f5fd239b885860b7c2bfc72ad1d97effc0_96x96.jpg?1708078895,Crystal,77,7,UNK
Merlin Emryss,9605720,3,0,Faerie,Aether,2250,0,87179f28ae17956a4d43567dadf6ea60_0e336ff6ad415f47233f0aaf127feac0fc0_96x96.jpg?1708079178,Crystal,133,8,UNK
Noga Cosnoh,12058107,4,0,Cactuar,Aether,2000,0,2ed29f4458018d1f538dd14b47de63b0_96ab1df8877c1f8ba6a89a39cccfd437fc0_96x96.jpg?1708077559,Crystal,247,9,UNK
Yuelia Divinus,47241149,5,0,Cactuar,Aether,1997,0,7e3254e1ebb89846dac1e4ec3fb1751a_96ab1df8877c1f8ba6a89a39cccfd437fc0_96x96.jpg?1708079360,Crystal,205,11,UNK
Say So,37496286,6,0,Midgardsormr,Aether,1788,0,9ff96347a5d80cd9ccb2de3bdfc90433_5c8ecfbc673e1287a9b5e85423fe1657fc0_96x96.jpg?1708078449,Crystal,72,0,UNK
In'a Simulation,49942258,7,0,Adamantoise,Aether,1611,0,e17355ef417bbd1efbd9e2b10fdf173c_1f5fd239b885860b7c2bfc72ad1d97effc0_96x96.jpg?1708078537,Crystal,62,2,UNK
Jay Vermillion,20310837,8,0,Adamantoise,Aether,1596,0,ae2f157d9c523947744b038a73f77be6_1f5fd239b885860b7c2bfc72ad1d97effc0_96x96.jpg?1708079010,Crystal,66,2,UNK
Phantom Rush,43189387,9,0,Gilgamesh,Aether,1592,0,841848a5e0a84d85d78f9b6d458f8d0a_b937560c841465f7c4bc8eb47ea7948afc0_96x96.jpg?1708079497,Crystal,47,0,UNK
Akari Tsuki,46655701,10,0,Adamantoise,Aether,1580,0,08f7ffe45c1b134f99ea040b39ee2bdd_1f5fd239b885860b7c2bfc72ad1d97effc0_96x96.jpg?1708078194,Crystal,94,0,UNK
Tohgado Megado,38365878,11,0,Adamantoise,Aether,1540,0,e24039a37310e592079a628de162cf3a_1f5fd239b885860b7c2bfc72ad1d97effc0_96x96.jpg?1708079454,Crystal,155,0,UNK
Bryn Creature,48133438,12,0,Siren,Aether,1487,0,1ae67fab78b36dc1a625cdf6f4b9383d_58a84e851e55175d22158ca97af58a1ffc0_96x96.jpg?1708076385,Crystal,42,0,UNK
Mac Arena,21560395,13,0,Adamantoise,Aether,1406,0,30fa962580974874808d1a8b67407ebb_1f5fd239b885860b7c2bfc72ad1d97effc0_96x96.jpg?1708077831,Crystal,115,4,UNK
Pache Knowledge,50500136,14,17,Adamantoise,Aether,1369,87,ce18ddc82c5f6518e72fdd555b80a4ff_1f5fd239b885860b7c2bfc72ad1d97effc0_96x96.jpg?1708079524,Crystal,74,6,UNK
Mi Ly,37964161,15,14,Gilgamesh,Aether,1361,0,f3300c3e28b3c5b4a3767a587341831e_b937560c841465f7c4bc8eb47ea7948afc0_96x96.jpg?1708079477,Crystal,114,0,UNK
Alice Valencia,29202491,16,15,Sargatanas,Aether,1315,0,960d9499704935997ec21dbdf1eecb6f_ba22853447012a24cee115315d6a5bebfc0_96x96.jpg?1708077836,Crystal,44,0,UNK
Vestelle Sawyer,30059169,17,16,Gilgamesh,Aether,1307,0,50a4717edb70c3c6c8abc8867e4b37b8_b937560c841465f7c4bc8eb47ea7948afc0_96x96.jpg?1708079003,Crystal,99,7,UNK
Confused Kitten,42592708,18,29,Midgardsormr,Aether,1287,390,056e8044dae72de8cb0452650d0ca7a7_5c8ecfbc673e1287a9b5e85423fe1657fc0_96x96.jpg?1708076199,Crystal,38,9,UNK
Unagi Box,34773273,19,18,Adamantoise,Aether,1270,0,05a513d02b60c767bfb83440ab2d406b_1f5fd239b885860b7c2bfc72ad1d97effc0_96x96.jpg?1708079353,Crystal,260,9,UNK
Neo Dymium,33030676,20,19,Siren,Aether,1204,0,24be6098cf7acc2de169d92917d3299f_58a84e851e55175d22158ca97af58a1ffc0_96x96.jpg?1708078096,Crystal,125,1,UNK
Uki Yo,50106047,21,24,Adamantoise,Aether,1203,200,75e9983a4dd07e7e5de0ed1ac11a23fb_1f5fd239b885860b7c2bfc72ad1d97effc0_96x96.jpg?1708079353,Crystal,84,5,UNK
Agreed Indeed,35442337,22,20,Cactuar,Aether,1198,0,420d1175f93ad013aa9ab84ae2d42209_96ab1df8877c1f8ba6a89a39cccfd437fc0_96x96.jpg?1708078561,Crystal,118,4,UNK
Crystal Tourist,50957389,23,48,Adamantoise,Aether,1194,693,6fe84316d7c61d1bd01fb10f0f7c4cea_1f5fd239b885860b7c2bfc72ad1d97effc0_96x96.jpg?1708078544,Crystal,57,18,UNK
S'jay Sharks,18807626,24,21,Cactuar,Aether,1191,0,68294efd5b1aeb5bd1a36477f7c0e3cf_96ab1df8877c1f8ba6a89a39cccfd437fc0_96x96.jpg?1708079527,Crystal,65,2,UNK
G'oemon Da'chad,47001853,25,22,Sargatanas,Aether,1090,0,a1bd7446d21e32ba4bfb7a75eb6bff00_ba22853447012a24cee115315d6a5bebfc0_96x96.jpg?1708077219,Crystal,46,1,UNK
Tomo Kote,38176817,26,23,Gilgamesh,Aether,1076,0,e5d7502ad7f21874552a4fc21553ee9e_b937560c841465f7c4bc8eb47ea7948afc0_96x96.jpg?1708078214,Crystal,37,0,UNK
Original Dsi,35808978,27,25,Gilgamesh,Aether,1002,0,b244a7412043a7dd35bae3d62114182d_b937560c841465f7c4bc8eb47ea7948afc0_96x96.jpg?1708079081,Crystal,38,3,UNK
Brian Ricardo,9364090,28,26,Adamantoise,Aether,998,0,c00688b4ac9b567c1a4de9d648fbbff4_1f5fd239b885860b7c2bfc72ad1d97effc0_96x96.jpg?1708078810,Crystal,78,1,UNK
Silanah Sylphrena,45709349,29,27,Midgardsormr,Aether,997,0,353d000e66ebf6b7715ff5998504f784_5c8ecfbc673e1287a9b5e85423fe1657fc0_96x96.jpg?1708077637,Crystal,97,11,UNK
Gala Arborea,41293767,30,28,Adamantoise,Aether,905,0,7dc31b9a880ba3f36a3ef1208e0c5909_1f5fd239b885860b7c2bfc72ad1d97effc0_96x96.jpg?1708076747,Crystal,62,0,UNK
Shum One,31246227,31,32,Midgardsormr,Aether,903,103,6a9ab1154c9d9a712cc039f45837db6d_5c8ecfbc673e1287a9b5e85423fe1657fc0_96x96.jpg?1708076231,Crystal,85,7,UNK
Ellie Titis,36865882,32,30,Midgardsormr,Aether,881,0,71601f63eddfe2db7e4ec2213790102c_5c8ecfbc673e1287a9b5e85423fe1657fc0_96x96.jpg?1708077919,Crystal,48,0,UNK
Kota Kris,46893121,33,45,Faerie,Aether,879,294,268b23eaf43b192c94be0601470361ff_0e336ff6ad415f47233f0aaf127feac0fc0_96x96.jpg?1708078289,Crystal,91,8,UNK
Fat Cat',39235895,34,31,Faerie,Aether,805,0,b5e5b9251e1d34a0e4a218bdaa795d78_0e336ff6ad415f47233f0aaf127feac0fc0_96x96.jpg?1708076830,Crystal,93,0,UNK
Lilac Dream,50887145,35,33,Siren,Aether,793,0,7577a67d199aab23702cae445672842a_58a84e851e55175d22158ca97af58a1ffc0_96x96.jpg?1708076829,Crystal,89,1,UNK
Aibertain Mando,32541700,36,34,Jenova,Aether,789,0,8dec967ad48c9a703018a7445740a7f3_ce736afe35e2ded4e46c4fd0659aef7efc0_96x96.jpg?1708076124,Crystal,207,9,UNK
Wmwmwmwmwmwmw Soikky,9472774,37,35,Sargatanas,Aether,701,0,5ca5b5fc8e69aea8ad82df7fa206172f_ba22853447012a24cee115315d6a5bebfc0_96x96.jpg?1708076587,Crystal,161,8,UNK
Zeke Ewoza,38693513,38,36,Sargatanas,Aether,697,0,60aab73f86d002c9ca644555b577f1fe_ba22853447012a24cee115315d6a5bebfc0_96x96.jpg?1708077392,Crystal,87,4,UNK
Runa Fokkusu,33707352,39,37,Faerie,Aether,696,0,427a7ffb27625fa2acbddaf20de9fae7_0e336ff6ad415f47233f0aaf127feac0fc0_96x96.jpg?1708078933,Crystal,74,0,UNK
Veloce Visrin,15058846,40,38,Faerie,Aether,694,0,d75393a9e68b713fa5f0cb4e2cb52e08_0e336ff6ad415f47233f0aaf127feac0fc0_96x96.jpg?1708078283,Crystal,73,4,UNK
Sarah Montcroix,21257525,41,39,Siren,Aether,684,0,9456eff7edd9ad83824c6ded6b9777c8_58a84e851e55175d22158ca97af58a1ffc0_96x96.jpg?1708076561,Crystal,87,0,UNK
Awilix Kugimiya,26226248,42,40,Jenova,Aether,621,0,8f680ab0f84fcc7aff9593e12e18199d_ce736afe35e2ded4e46c4fd0659aef7efc0_96x96.jpg?1708079121,Crystal,140,6,UNK
Ilara Whiskeyjack,47009900,43,41,Sargatanas,Aether,601,0,5eca4932368f73566d179a0d078de914_ba22853447012a24cee115315d6a5bebfc0_96x96.jpg?1708077186,Crystal,29,0,UNK
Adrianne Lehman,335503,44,42,Jenova,Aether,598,0,9487d4bc6332e7a22c323a4ee321ffa1_ce736afe35e2ded4e46c4fd0659aef7efc0_96x96.jpg?1708078639,Crystal,147,3,UNK
Haha Unless,35825889,45,43,Faerie,Aether,598,0,3c249691791cbe0f2fb3ccc230c9a4e4_0e336ff6ad415f47233f0aaf127feac0fc0_96x96.jpg?1708078895,Crystal,40,0,UNK
Banana Skye,48159675,46,44,Faerie,Aether,595,0,37d6f3f177181cc95ef2e697d25b0c85_0e336ff6ad415f47233f0aaf127feac0fc0_96x96.jpg?1708076914,Crystal,61,0,UNK
Mac Arena,41515245,47,46,Faerie,Aether,507,0,5f1fd66e9824593ba5bdee1507b1de5f_0e336ff6ad415f47233f0aaf127feac0fc0_96x96.jpg?1708077915,Crystal,47,0,UNK
Warabi Jiro,48026612,48,47,Faerie,Aether,505,0,50b9310aa10027d36fa6ef41cea2e01a_0e336ff6ad415f47233f0aaf127feac0fc0_96x96.jpg?1708077568,Crystal,62,0,UNK
Gio Vanni,9922866,49,0,Adamantoise,Aether,499,0,c3f2351ee2f85a46fdcce422a17815f4_1f5fd239b885860b7c2bfc72ad1d97effc0_96x96.jpg?1708077662,Crystal,39,0,UNK
Raphtalia Solari,8126326,49,0,Adamantoise,Aether,499,0,baeca36f0f50dbb796496ea18e58ee30_1f5fd239b885860b7c2bfc72ad1d97effc0_96x96.jpg?1708078296,Crystal,39,0,UNK
Rue Mitsuri,30495666,51,0,Jenova,Aether,497,0,f0f7d34dcb07b39d6bcd4093ffa07862_ce736afe35e2ded4e46c4fd0659aef7efc0_96x96.jpg?1708078895,Crystal,151,7,UNK
Masaru Ren,3258475,52,57,Midgardsormr,Aether,495,99,79cbf6e41e65dedcf38f4c9150b6e134_5c8ecfbc673e1287a9b5e85423fe1657fc0_96x96.jpg?1708077499,Crystal,40,1,UNK
Divining Perspective,28435486,53,60,Adamantoise,Aether,492,98,74100825065cf314125ef24775169e31_1f5fd239b885860b7c2bfc72ad1d97effc0_96x96.jpg?1708076057,Crystal,185,4,UNK
Azure Root,26175645,54,52,Adamantoise,Aether,401,0,5f2571d75ead95a7f736ac05a2104d8c_1f5fd239b885860b7c2bfc72ad1d97effc0_96x96.jpg?1708078650,Crystal,50,0,UNK
Riley Nox,23134126,55,53,Midgardsormr,Aether,400,0,2ba7e5662127328c4d8b517d14dc334b_5c8ecfbc673e1287a9b5e85423fe1657fc0_96x96.jpg?1708077649,Crystal,66,1,UNK
Terro Szalinski,49572358,56,54,Gilgamesh,Aether,399,0,3d1c9a41ec40a0dee9ffb029d85229e2_b937560c841465f7c4bc8eb47ea7948afc0_96x96.jpg?1708079267,Crystal,24,0,UNK
Kare Thunderfist,38266103,57,55,Cactuar,Aether,398,0,7ce5076c857a0630e8b2db189ce734ab_96ab1df8877c1f8ba6a89a39cccfd437fc0_96x96.jpg?1708076498,Crystal,32,0,UNK
Knox Xonk,18336233,58,56,Adamantoise,Aether,396,0,cb70cc711d09c741a90b483c003bfcca_1f5fd239b885860b7c2bfc72ad1d97effc0_96x96.jpg?1708076846,Crystal,66,0,UNK
Silver Deeds,11519691,59,58,Cactuar,Aether,395,0,8d84bac8c0e8693bfa68303049fcc99f_96ab1df8877c1f8ba6a89a39cccfd437fc0_96x96.jpg?1708076308,Crystal,78,0,UNK
Kestela August,24683361,60,59,Gilgamesh,Aether,395,0,17761792f1567b7dae5255a0f7677b00_b937560c841465f7c4bc8eb47ea7948afc0_96x96.jpg?1708078632,Crystal,54,0,UNK
Tenar Lalelan,24483224,61,0,Faerie,Aether,303,0,d2a07a324d29f192eabbae6adeb2462b_0e336ff6ad415f47233f0aaf127feac0fc0_96x96.jpg?1708078739,Crystal,28,0,UNK
Chae Jun,48926232,62,0,Jenova,Aether,302,0,6867d2a0d98663fb110195743443e308_ce736afe35e2ded4e46c4fd0659aef7efc0_96x96.jpg?1708076566,Crystal,15,0,UNK
Ava Falafell,7835301,63,0,Cactuar,Aether,298,0,037dd67f6ab82aadfe3e7b3e4973d525_96ab1df8877c1f8ba6a89a39cccfd437fc0_96x96.jpg?1708077010,Crystal,165,12,UNK
Cinder Ashenhart,7972927,64,0,Gilgamesh,Aether,298,0,7a66193aadad1e3279c9115c76dcbd9e_b937560c841465f7c4bc8eb47ea7948afc0_96x96.jpg?1708077673,Crystal,56,0,UNK
Goon Bafoon,43626916,65,0,Siren,Aether,298,0,84cfa806659304afa6933f2535a9c47b_58a84e851e55175d22158ca97af58a1ffc0_96x96.jpg?1708077819,Crystal,51,0,UNK
Axel Walker,5880394,66,0,Gilgamesh,Aether,298,0,43faf9b7419901bbf36772800a681e0b_b937560c841465f7c4bc8eb47ea7948afc0_96x96.jpg?1708078753,Crystal,23,0,UNK
Lynvara Stacia,14851122,67,0,Gilgamesh,Aether,297,0,fd42ad18aa9b597063b63ef5eec615fb_b937560c841465f7c4bc8eb47ea7948afc0_96x96.jpg?1708076479,Crystal,69,3,UNK
Rei Momochi,50254035,68,0,Siren,Aether,297,0,cb1720f90e6c9a751720009eb7c39a62_58a84e851e55175d22158ca97af58a1ffc0_96x96.jpg?1708078823,Crystal,61,0,UNK
Arthur Light,31872332,69,0,Jenova,Aether,293,0,d698baec57d94e1811b8426443501354_ce736afe35e2ded4e46c4fd0659aef7efc0_96x96.jpg?1708078013,Crystal,22,0,UNK
Aubryn Rose,30217540,70,0,Cactuar,Aether,204,0,7665ce43266cf9d529ef0e60a67ba533_96ab1df8877c1f8ba6a89a39cccfd437fc0_96x96.jpg?1708076318,Crystal,14,0,UNK
Mint Flavor,49158607,71,0,Cactuar,Aether,202,0,d58c1ecb918cbc4c1b0d438f94ce0d97_96ab1df8877c1f8ba6a89a39cccfd437fc0_96x96.jpg?1708077942,Crystal,90,0,UNK
Nyanta Nyanjima,2171472,72,0,Siren,Aether,201,0,ec3b95f430f15c92f5a9fac03302e391_58a84e851e55175d22158ca97af58a1ffc0_96x96.jpg?1708079085,Crystal,197,5,UNK
Tenma Mystery,27380546,73,0,Jenova,Aether,201,0,65a26b8006f2aceaca3478c369e15b01_ce736afe35e2ded4e46c4fd0659aef7efc0_96x96.jpg?1708076771,Crystal,47,0,UNK
Mint Chan,47513806,74,0,Jenova,Aether,201,0,572a60c28e1627806ad786659fdc9dea_ce736afe35e2ded4e46c4fd0659aef7efc0_96x96.jpg?1708079554,Crystal,16,0,UNK
Mach D',4283445,75,0,Sargatanas,Aether,200,0,5b2a02444811a8f37e912fa338d39f21_ba22853447012a24cee115315d6a5bebfc0_96x96.jpg?1708079439,Crystal,114,0,UNK
Risa Masutatsu,50317532,76,0,Midgardsormr,Aether,200,0,6894e688c25cf16a9d3ad1cc861cb7e8_5c8ecfbc673e1287a9b5e85423fe1657fc0_96x96.jpg?1708077007,Crystal,111,2,UNK
Milanesa Asesina,24258558,77,0,Cactuar,Aether,200,0,fba25ed72613de033978f2e99c974234_96ab1df8877c1f8ba6a89a39cccfd437fc0_96x96.jpg?1708077041,Crystal,57,0,UNK
Yan Shua,33322665,78,0,Gilgamesh,Aether,200,0,265e19d9fb92e247223d1db417c91639_b937560c841465f7c4bc8eb47ea7948afc0_96x96.jpg?1708078895,Crystal,37,0,UNK
Zokor Shamavokor,20729807,79,0,Faerie,Aether,200,0,d435472193c35af508622c2650942175_0e336ff6ad415f47233f0aaf127feac0fc0_96x96.jpg?1708078542,Crystal,18,0,UNK
Andros Lunari,38919488,80,0,Sargatanas,Aether,199,0,8833f678967938d2e79b8d993021ce3f_ba22853447012a24cee115315d6a5bebfc0_96x96.jpg?1708077297,Crystal,34,0,UNK
Serif Spiegel,1791314,81,0,Adamantoise,Aether,199,0,ac0a0dda5f18422d576635299cd7a28f_1f5fd239b885860b7c2bfc72ad1d97effc0_96x96.jpg?1708076112,Crystal,33,5,UNK
Tranquil Spring,27917123,82,0,Cactuar,Aether,198,0,19f1c8eabd3c9eeb44c450d8681f4c0d_96ab1df8877c1f8ba6a89a39cccfd437fc0_96x96.jpg?1708076224,Crystal,93,0,UNK
Divine Zr,3973978,83,0,Gilgamesh,Aether,198,0,7fb139bbb52d4f47001269f6769ee972_b937560c841465f7c4bc8eb47ea7948afc0_96x96.jpg?1708078658,Crystal,66,0,UNK
U'draoid Nunh,28099364,84,0,Midgardsormr,Aether,198,0,13a23880ebea3f555248d0eeafed5cc4_5c8ecfbc673e1287a9b5e85423fe1657fc0_96x96.jpg?1708076465,Crystal,18,0,UNK
Morbius Pog,49229707,85,0,Gilgamesh,Aether,198,0,7f214ea17c43918191fc7056d2f74617_b937560c841465f7c4bc8eb47ea7948afc0_96x96.jpg?1708076833,Crystal,17,0,UNK
Alicia Evergarden,6723854,86,0,Midgardsormr,Aether,196,0,cde5f4e5f8ff6437c343e482d775f0f0_5c8ecfbc673e1287a9b5e85423fe1657fc0_96x96.jpg?1708078896,Crystal,86,1,UNK
Hana Melei,29007768,87,0,Gilgamesh,Aether,196,0,13b926c8681db5acd1088e5dec29a5e2_b937560c841465f7c4bc8eb47ea7948afc0_96x96.jpg?1708077559,Crystal,54,3,UNK
Po Taters,29279300,88,0,Adamantoise,Aether,101,0,dafb6524359535bae07d1544e852d880_1f5fd239b885860b7c2bfc72ad1d97effc0_96x96.jpg?1708076037,Crystal,65,0,UNK
Sea Jae,24245597,89,0,Sargatanas,Aether,101,0,e896e8ff7d9b55dbc92cd30362aecf3a_ba22853447012a24cee115315d6a5bebfc0_96x96.jpg?1708077189,Crystal,29,0,UNK
Big Wayne,13925901,90,0,Midgardsormr,Aether,100,0,3eaa100db670a6a050d7b337f589e7cd_5c8ecfbc673e1287a9b5e85423fe1657fc0_96x96.jpg?1708076591,Crystal,206,0,UNK
Hrothmar Blackburns,28757856,91,92,Midgardsormr,Aether,100,0,ba6405bac0d5b1fb489962984f0d9fb9_5c8ecfbc673e1287a9b5e85423fe1657fc0_96x96.jpg?1708078455,Crystal,147,4,UNK
Sarisa Sattva,27103405,92,91,Siren,Aether,100,0,830af68053859e92c56c0e651012e683_58a84e851e55175d22158ca97af58a1ffc0_96x96.jpg?1708076496,Crystal,146,0,UNK
Far-away James,28196739,93,0,Siren,Aether,100,100,f7814772fbe36406cd77c86a1cf0660e_58a84e851e55175d22158ca97af58a1ffc0_96x96.jpg?1708077303,Crystal,139,5,UNK
Kay Ra,11053173,94,93,Adamantoise,Aether,100,0,e61ea23e1cd4d1d2834294d6f6e44bb9_1f5fd239b885860b7c2bfc72ad1d97effc0_96x96.jpg?1708078087,Crystal,121,0,UNK
Fifiku Fiku,31958130,95,94,Siren,Aether,100,0,64b5ac2163a6806731b1231b74d26bef_58a84e851e55175d22158ca97af58a1ffc0_96x96.jpg?1708079188,Crystal,114,0,UNK
Archer Fulgoris,7011384,96,95,Gilgamesh,Aether,100,0,28193217dac2df45750c7592f79d094f_b937560c841465f7c4bc8eb47ea7948afc0_96x96.jpg?1708079539,Crystal,108,0,UNK
Rena Allegria,38051961,97,96,Midgardsormr,Aether,100,0,17269f2a7bbab09a29b6ceb9f2f44739_5c8ecfbc673e1287a9b5e85423fe1657fc0_96x96.jpg?1708079091,Crystal,105,0,UNK
Mimu Syndrome,18625577,98,97,Jenova,Aether,100,0,10a32d0ead74045926c16bb736cabd9f_ce736afe35e2ded4e46c4fd0659aef7efc0_96x96.jpg?1708077557,Crystal,100,0,UNK
Strolling Sapling,2190135,99,98,Adamantoise,Aether,100,0,5d14cd48e3d1d7f1c24bec20f7a98be4_1f5fd239b885860b7c2bfc72ad1d97effc0_96x96.jpg?1708076949,Crystal,94,0,UNK
Unique Tang,20316185,99,98,Cactuar,Aether,100,0,4ca67630705e378361d5325b1d441649_96ab1df8877c1f8ba6a89a39cccfd437fc0_96x96.jpg?1708076729,Crystal,94,0,UNK
Nergo Gigantes,26616217,1,0,Spriggan,Chaos,1839,0,96ad88f23a708e8d6e391f669986d57c_feaf0a2e88ff164813fbc9b85876fa48fc0_96x96.jpg?1708078052,Crystal,110,0,UNK
Cliffe Zanza,36074329,2,0,Spriggan,Chaos,1698,0,d8d2fa78adb447ec4b6d5d747f5d5f84_feaf0a2e88ff164813fbc9b85876fa48fc0_96x96.jpg?1708079139,Crystal,106,0,UNK
Enrei Esthule,16223299,3,0,Omega,Chaos,1409,0,075328fa236ca776da32524ca8bd395c_39e25ac3d737c46452305eefe324372cfc0_96x96.jpg?1708077281,Crystal,108,0,UNK
Snap Ringer,18714030,4,0,Omega,Chaos,1289,0,77577ce781d587b133c9c53da0974817_39e25ac3d737c46452305eefe324372cfc0_96x96.jpg?1708077688,Crystal,107,0,UNK
Neon Tide,48023080,5,0,Sagittarius,Chaos,1193,0,aec23c05fd42dc9e10bf8e19414f1373_44ca0844398b2d010d8cd4a31ddb023dfc0_96x96.jpg?1708076797,Crystal,36,0,UNK
Truckdriver Maar,44754693,6,0,Phantom,Chaos,1090,0,197649a6e06fed3f4864a91d4e489cc0_f0a43d6e5eea19af337a176e9836acddfc0_96x96.jpg?1708078044,Crystal,57,0,UNK
Lybel Alyborias,25836089,7,0,Louisoix,Chaos,969,0,a86b680e6c4e5e23befaaaf535a158de_0a122616f3718d3f45cab10fd8fc1604fc0_96x96.jpg?1708077459,Crystal,67,0,UNK
Thor Strom,35911315,8,0,Cerberus,Chaos,900,0,3826da79ed71141aec290f69127b5c79_777c57311d510ca65dac3c1077dee435fc0_96x96.jpg?1708078972,Crystal,100,0,UNK
Prisma Tic,38791879,9,0,Cerberus,Chaos,899,0,5220c35172bb26154c862a6d485e37b8_777c57311d510ca65dac3c1077dee435fc0_96x96.jpg?1708077914,Crystal,90,0,UNK
Hegel Gil,25438753,10,0,Omega,Chaos,804,0,5ed500fc1dd1d9cbbc95000a80326ff7_39e25ac3d737c46452305eefe324372cfc0_96x96.jpg?1708076804,Crystal,75,0,UNK
Auelin Pepega,28139188,11,0,Spriggan,Chaos,706,0,bc58a4a2bfd8c4252a378a113cedaff7_feaf0a2e88ff164813fbc9b85876fa48fc0_96x96.jpg?1708078232,Crystal,42,0,UNK
Dalik Mathis,9537863,12,0,Ragnarok,Chaos,690,0,fd4dde44208527cc20e58ba589d51f01_40d57ba713628f3f1ef5ef204b6d76d2fc0_96x96.jpg?1708076636,Crystal,44,0,UNK
Meryll Enetari,24681550,13,0,Cerberus,Chaos,686,0,f4fe16c70d7023e2101e19421c5abf1e_777c57311d510ca65dac3c1077dee435fc0_96x96.jpg?1708079339,Crystal,66,0,UNK
Dragonlife Saijax,29449285,14,0,Moogle,Chaos,602,0,3c08546d3793d12f77cc0b00d3a3af5b_d7a9d5f85a29d6278ec1c7adc2c8d242fc0_96x96.jpg?1708078167,Crystal,32,0,UNK
Akari Tsuki,31005286,15,0,Louisoix,Chaos,591,0,28e1cfaecfbf911dc3621f5de74642aa_0a122616f3718d3f45cab10fd8fc1604fc0_96x96.jpg?1708078945,Crystal,48,0,UNK
Doctor Zafari,16879977,16,0,Cerberus,Chaos,513,0,5a436bd301321720ffe4db8947a142a5_777c57311d510ca65dac3c1077dee435fc0_96x96.jpg?1708076756,Crystal,24,0,UNK
Tyr Neriak,19006698,17,0,Omega,Chaos,502,0,efc48a1823652a4394af9af66ed7359d_39e25ac3d737c46452305eefe324372cfc0_96x96.jpg?1708077526,Crystal,41,0,UNK
Deadrise Mutombo,31730694,18,0,Ragnarok,Chaos,496,0,a382acb94313f23d966dd6d39d909bea_40d57ba713628f3f1ef5ef204b6d76d2fc0_96x96.jpg?1708077545,Crystal,51,0,UNK
Haname Kogane,44729549,19,0,Sagittarius,Chaos,399,0,d7ad5e2e945f0ca3d11a6519f20eea0d_44ca0844398b2d010d8cd4a31ddb023dfc0_96x96.jpg?1708078648,Crystal,49,0,UNK
Prisma Tic,40954699,20,0,Omega,Chaos,399,0,61ac04eca97d996e4b5ae0073196133f_39e25ac3d737c46452305eefe324372cfc0_96x96.jpg?1708077267,Crystal,26,0,UNK
Neferpitou Darkholme,39961514,21,0,Louisoix,Chaos,398,0,3d8647620882df066642e9b347408178_0a122616f3718d3f45cab10fd8fc1604fc0_96x96.jpg?1708077251,Crystal,23,0,UNK
Charlotte Fleurdelis,35150838,22,0,Ragnarok,Chaos,397,0,9e9f647c9095409b4ca77e89ca61322b_40d57ba713628f3f1ef5ef204b6d76d2fc0_96x96.jpg?1708079084,Crystal,159,0,UNK
Elafi Nebris,2813554,23,0,Cerberus,Chaos,303,0,279c67bdef0aed0af0689ceacb3ea0aa_777c57311d510ca65dac3c1077dee435fc0_96x96.jpg?1708078431,Crystal,74,0,UNK
Sice Seven,15008161,24,0,Moogle,Chaos,303,0,23657ac0d29f4bc5667ef1e00cf528f8_d7a9d5f85a29d6278ec1c7adc2c8d242fc0_96x96.jpg?1708076712,Crystal,31,0,UNK
Alethea Historia,23776466,25,0,Moogle,Chaos,299,0,8294800aefa60eca4241a545896d066c_d7a9d5f85a29d6278ec1c7adc2c8d242fc0_96x96.jpg?1708076631,Crystal,83,0,UNK
Resilla Frostflow,14658770,26,0,Cerberus,Chaos,299,0,00a4e6250beb98b5644c87cffe8b7f4f_777c57311d510ca65dac3c1077dee435fc0_96x96.jpg?1708078234,Crystal,45,0,UNK
Doctor Zoidberg,9214410,27,0,Cerberus,Chaos,297,0,40bc630c90e57d0ca265dd7fc809d5c8_777c57311d510ca65dac3c1077dee435fc0_96x96.jpg?1708077811,Crystal,27,0,UNK
Memento Mo'ri,1641495,28,0,Ragnarok,Chaos,205,0,86323bce84189061b1d71ff1dc25266a_40d57ba713628f3f1ef5ef204b6d76d2fc0_96x96.jpg?1708077725,Crystal,27,0,UNK
Vanilla Blossom,41496807,29,0,Moogle,Chaos,201,0,b0e7d1b464d155d8791692fe2e47299d_d7a9d5f85a29d6278ec1c7adc2c8d242fc0_96x96.jpg?1708078604,Crystal,63,0,UNK
Kyouko Owo,25629243,30,0,Louisoix,Chaos,201,0,4fbeb17208a00397ad05eebfc2d20d2f_0a122616f3718d3f45cab10fd8fc1604fc0_96x96.jpg?1708078682,Crystal,26,0,UNK
Misora Kaiatsa,25126040,31,0,Moogle,Chaos,200,0,80fa199452585ab77d14128509576300_d7a9d5f85a29d6278ec1c7adc2c8d242fc0_96x96.jpg?1708078148,Crystal,21,0,UNK
Raraimo Eremo,31237998,32,0,Spriggan,Chaos,198,0,15d73fa6c3dc13fa361df7a1e86e0400_feaf0a2e88ff164813fbc9b85876fa48fc0_96x96.jpg?1708078799,Crystal,59,0,UNK
Yuumi Fish,25707217,33,0,Cerberus,Chaos,198,0,1a7ebbda26c28eb61f262b9fb37e8c6e_777c57311d510ca65dac3c1077dee435fc0_96x96.jpg?1708078086,Crystal,25,0,UNK
Mhia Mewrilah,26716262,34,0,Omega,Chaos,100,0,6b70c463b87dca3437d37504f74aad3b_39e25ac3d737c46452305eefe324372cfc0_96x96.jpg?1708077072,Crystal,125,0,UNK
Sakurane Zero'yuurai,13075529,35,0,Ragnarok,Chaos,100,0,b65369d4b043831749f5fa45d2428e30_40d57ba713628f3f1ef5ef204b6d76d2fc0_96x96.jpg?1708077609,Crystal,123,0,UNK
Baka Bao,30345026,36,0,Phantom,Chaos,100,0,57df7efcbcdf8f1aca84c4f1435c36ba_f0a43d6e5eea19af337a176e9836acddfc0_96x96.jpg?1708077493,Crystal,120,0,UNK
Mi' Roi,9070865,37,0,Omega,Chaos,100,0,4f658780c2484591becc5de645600b23_39e25ac3d737c46452305eefe324372cfc0_96x96.jpg?1708077178,Crystal,116,0,UNK
Tiridas Uxkhal,39299381,38,0,Ragnarok,Chaos,100,0,1166bb59cec0825121cb9bccf4e72f37_40d57ba713628f3f1ef5ef204b6d76d2fc0_96x96.jpg?1708077163,Crystal,79,0,UNK
Farnese Fellcleave,24419493,39,0,Cerberus,Chaos,100,0,dcec016c4a6cd9a2bd3a2b73183f5a65_777c57311d510ca65dac3c1077dee435fc0_96x96.jpg?1708079515,Crystal,77,0,UNK
Allie Moore,44202161,40,0,Cerberus,Chaos,100,0,b4451830e401e93abdfad2846836bb40_777c57311d510ca65dac3c1077dee435fc0_96x96.jpg?1708078695,Crystal,62,0,UNK
Ahm Na,41334543,41,0,Louisoix,Chaos,100,0,b43271b450839d9cb9092ed345305398_0a122616f3718d3f45cab10fd8fc1604fc0_96x96.jpg?1708076236,Crystal,58,0,UNK
Katsumi Seikatsu,22390699,42,0,Omega,Chaos,100,0,6d28bab002e7518fa4a7d1d2056acc43_39e25ac3d737c46452305eefe324372cfc0_96x96.jpg?1708079077,Crystal,47,0,UNK
Sloth Eron,16358631,43,0,Louisoix,Chaos,100,0,7750cc3f8534c73fa1ac2af21989aec2_0a122616f3718d3f45cab10fd8fc1604fc0_96x96.jpg?1708076359,Crystal,45,0,UNK
Kahra Shira,35717151,44,0,Sagittarius,Chaos,100,0,1bd129b79695d3696fefed8d76916822_44ca0844398b2d010d8cd4a31ddb023dfc0_96x96.jpg?1708076539,Crystal,43,0,UNK
Nya'nya-nya Nya'nya,29153524,45,0,Spriggan,Chaos,100,0,3d0daa594a18eb35445c8a91928aa388_feaf0a2e88ff164813fbc9b85876fa48fc0_96x96.jpg?1708077004,Crystal,42,0,UNK
Hyzenthlay Efrafa,1817919,46,0,Ragnarok,Chaos,100,0,f61f49f2ed95a3709fa034686da0eb63_40d57ba713628f3f1ef5ef204b6d76d2fc0_96x96.jpg?1708079232,Crystal,36,0,UNK
Luca Natura,26126798,47,0,Omega,Chaos,100,0,aee9a8f332f96a4c5a45923c0e82782a_39e25ac3d737c46452305eefe324372cfc0_96x96.jpg?1708076615,Crystal,34,0,UNK
Giovanni Rana,41525265,48,0,Omega,Chaos,100,0,9f45796bf8e3e90454ee912daed4b445_39e25ac3d737c46452305eefe324372cfc0_96x96.jpg?1708077237,Crystal,28,0,UNK
Fae Mhin,28101333,49,0,Omega,Chaos,100,0,15c4f014781bca0a5a68f6b524772201_39e25ac3d737c46452305eefe324372cfc0_96x96.jpg?1708076983,Crystal,26,0,UNK
Mina Everbloom,47875821,49,0,Omega,Chaos,100,0,8505c57bb366cd8ab8a0d2da5e4129f4_39e25ac3d737c46452305eefe324372cfc0_96x96.jpg?1708079171,Crystal,26,0,UNK
Haru Grimgar,39323045,51,0,Cerberus,Chaos,100,0,e0ca7406ef1c82ada0f9e8279efe2443_777c57311d510ca65dac3c1077dee435fc0_96x96.jpg?1708078756,Crystal,23,0,UNK
Sakurane Zero'yuurai,27495484,52,0,Louisoix,Chaos,100,0,eb52f510034bf4315267b8fee8129a62_0a122616f3718d3f45cab10fd8fc1604fc0_96x96.jpg?1708078332,Crystal,17,0,UNK
Imy Pure,24943089,53,0,Cerberus,Chaos,100,0,2e46879ac1baf7fc77ec2de872a0461c_777c57311d510ca65dac3c1077dee435fc0_96x96.jpg?1708076617,Crystal,14,0,UNK
Fygqhzr Zhgfjhh,49000606,54,0,Phantom,Chaos,100,0,ed46d70a9c354991698a796aac7c462e_f0a43d6e5eea19af337a176e9836acddfc0_96x96.jpg?1708077636,Crystal,9,0,UNK
Moon Al-mi'raj,45583132,54,0,Phantom,Chaos,100,0,7149cbbef0d579d37fac6f4155f7a03e_f0a43d6e5eea19af337a176e9836acddfc0_96x96.jpg?1708079067,Crystal,9,0,UNK
Xtra Thique,50209652,54,0,Ragnarok,Chaos,100,0,ed319df3b964f87dd9f8cea5493f853b_40d57ba713628f3f1ef5ef204b6d76d2fc0_96x96.jpg?1708079219,Crystal,9,0,UNK
Fun Bunbun,31294364,57,0,Cerberus,Chaos,0,0,e0c46afb9999af124358f1db95771b94_777c57311d510ca65dac3c1077dee435fc0_96x96.jpg?1708078453,Diamond,110,0,UNK
Sweet Light,41777815,58,0,Spriggan,Chaos,0,0,2e6808627bd2b8f0f5f0377d20cbbbc5_feaf0a2e88ff164813fbc9b85876fa48fc0_96x96.jpg?1708079225,Diamond,73,0,UNK
Alvarius Scipii,25974913,59,0,Spriggan,Chaos,0,0,4f3425e4aa608f148ea494754632ab74_feaf0a2e88ff164813fbc9b85876fa48fc0_96x96.jpg?1708077475,Diamond,67,0,UNK
Cor Rhaxar,26340812,60,0,Spriggan,Chaos,0,0,f97aae4dc428e40f471590f0fd1c7d65_feaf0a2e88ff164813fbc9b85876fa48fc0_96x96.jpg?1708079043,Diamond,57,0,UNK
Izumi Mizuchi,36962227,61,0,Louisoix,Chaos,0,0,b265024937173d49d27017137e7de6b3_0a122616f3718d3f45cab10fd8fc1604fc0_96x96.jpg?1708077904,Diamond,38,0,UNK
Aleugallia Sweet,47171900,62,0,Sagittarius,Chaos,0,0,a6f8cb087f5403400eedb72b22f74bd2_44ca0844398b2d010d8cd4a31ddb023dfc0_96x96.jpg?1708077152,Diamond,17,0,UNK
Lapis Antiqua,42780717,63,0,Cerberus,Chaos,0,0,52a6af383c1b05ba0c263ea1d76bd792_777c57311d510ca65dac3c1077dee435fc0_96x96.jpg?1708079172,Diamond,90,0,UNK
Sharinne Minetai,50585765,64,0,Omega,Chaos,0,0,393e6923a4eb4cca7d57e14b6176b0fc_39e25ac3d737c46452305eefe324372cfc0_96x96.jpg?1708076712,Diamond,69,0,UNK
Strom Valentine,19009916,65,0,Cerberus,Chaos,0,0,a8dc2ae24adfae999c388093e3e213e8_777c57311d510ca65dac3c1077dee435fc0_96x96.jpg?1708077000,Diamond,49,0,UNK
Shino Yaru,45204973,66,0,Sagittarius,Chaos,0,0,90dbabecf3d9dea9b5f87d063ac9bf43_44ca0844398b2d010d8cd4a31ddb023dfc0_96x96.jpg?1708078238,Diamond,19,0,UNK
Su Mii,1466089,67,0,Cerberus,Chaos,0,0,5c938d6a46ca44b309b7851cb6326d5b_777c57311d510ca65dac3c1077dee435fc0_96x96.jpg?1708077622,Diamond,25,0,UNK
Maki Hawke,14046316,68,0,Sagittarius,Chaos,0,0,27aece93a37bf5fcfd1bfef0b4f39eaa_44ca0844398b2d010d8cd4a31ddb023dfc0_96x96.jpg?1708079412,Diamond,108,0,UNK
Ibi Bea,25504911,69,0,Spriggan,Chaos,0,0,ee48e456256e9bc0d89edc0aa15a3e85_feaf0a2e88ff164813fbc9b85876fa48fc0_96x96.jpg?1708079487,Diamond,60,0,UNK
Esgir Huorlwesfv,48451013,70,0,Moogle,Chaos,0,0,ff37438caa7c544d436e0ddbea12f397_d7a9d5f85a29d6278ec1c7adc2c8d242fc0_96x96.jpg?1708078347,Diamond,46,0,UNK
Sonny Fier,11675019,71,0,Cerberus,Chaos,0,0,da65277afb3d27d0dac4884c31cb06af_777c57311d510ca65dac3c1077dee435fc0_96x96.jpg?1708079070,Diamond,45,0,UNK
Aurora Maou,26517539,72,0,Louisoix,Chaos,0,0,433a49b5cc43b35afac03d97c50262f9_0a122616f3718d3f45cab10fd8fc1604fc0_96x96.jpg?1708078515,Diamond,44,0,UNK
Nine Ye,37721354,73,0,Spriggan,Chaos,0,0,dc357d810042454e6c767c56509158b8_feaf0a2e88ff164813fbc9b85876fa48fc0_96x96.jpg?1708077624,Diamond,22,0,UNK
Xalen Volkiar,6401543,74,0,Moogle,Chaos,0,0,469f373b5e5e4e97ce83f548b70c0a6b_d7a9d5f85a29d6278ec1c7adc2c8d242fc0_96x96.jpg?1708076199,Diamond,119,0,UNK
Nellis Khipya,41302571,75,0,Omega,Chaos,0,0,00a22df242c4fa062df9c36d3db842f4_39e25ac3d737c46452305eefe324372cfc0_96x96.jpg?1708076697,Diamond,56,0,UNK
Woofer Wrynn,39198163,75,0,Ragnarok,Chaos,0,0,3f1aef747eaad97cc5cec084d2e9d506_40d57ba713628f3f1ef5ef204b6d76d2fc0_96x96.jpg?1708077763,Diamond,56,0,UNK
Guitar Solo,49837699,77,0,Omega,Chaos,0,0,324ee13863765f1642085b67891669e3_39e25ac3d737c46452305eefe324372cfc0_96x96.jpg?1708079090,Diamond,40,0,UNK
Lylia Venis,13391767,78,0,Moogle,Chaos,0,0,79af70239d663a69f312f0788f3cf927_d7a9d5f85a29d6278ec1c7adc2c8d242fc0_96x96.jpg?1708078428,Diamond,37,0,UNK
Evrae Natus,9393705,79,0,Ragnarok,Chaos,0,0,4f18bfa3cef81b6a2ebb59e0b551f373_40d57ba713628f3f1ef5ef204b6d76d2fc0_96x96.jpg?1708076982,Diamond,11,0,UNK
Claire Hart,4540427,80,0,Ragnarok,Chaos,0,0,063274896aa445e2aa87e44be3be1981_40d57ba713628f3f1ef5ef204b6d76d2fc0_96x96.jpg?1708079076,Diamond,138,0,UNK
Goemon Da-scarred,51082512,81,0,Sagittarius,Chaos,0,0,0babb17eaeeb3c5d8fab3b044bcc075b_44ca0844398b2d010d8cd4a31ddb023dfc0_96x96.jpg?1708079396,Diamond,66,0,UNK
Mahou Mahou,23349539,82,0,Ragnarok,Chaos,0,0,a8c1066c717dde33a92b0ab2a17830df_40d57ba713628f3f1ef5ef204b6d76d2fc0_96x96.jpg?1708076457,Diamond,37,0,UNK
Dubious Lil'creature,48047442,83,0,Sagittarius,Chaos,0,0,8b88a3814e0c9f0588fa0f306fde9580_44ca0844398b2d010d8cd4a31ddb023dfc0_96x96.jpg?1708075990,Diamond,15,0,UNK
Aya Ayane,41570933,84,0,Sagittarius,Chaos,0,0,987c1389de1f2b6552a2407735702553_44ca0844398b2d010d8cd4a31ddb023dfc0_96x96.jpg?1708077446,Diamond,166,0,UNK
Mental Disorder,10208077,85,0,Spriggan,Chaos,0,0,765f9c398f8a3fa676dc004431bb42ab_feaf0a2e88ff164813fbc9b85876fa48fc0_96x96.jpg?1708078580,Diamond,80,0,UNK
I''''''''l I''''''''l,7148057,86,0,Phantom,Chaos,0,0,e2edca430602d2afa10c5f151e916208_f0a43d6e5eea19af337a176e9836acddfc0_96x96.jpg?1708076168,Diamond,36,0,UNK
Xanthe Hati,28239197,87,0,Sagittarius,Chaos,0,0,9bf816bfcd7f963908af59458b5500c9_44ca0844398b2d010d8cd4a31ddb023dfc0_96x96.jpg?1708076373,Diamond,24,0,UNK
Mamiyama Kamimama,37371304,88,0,Spriggan,Chaos,0,0,3c6fd6569d3dce40308c9a2a1f3c3bfa_feaf0a2e88ff164813fbc9b85876fa48fc0_96x96.jpg?1708078142,Diamond,22,0,UNK
Anime Kakoe-to,40129396,89,0,Cerberus,Chaos,0,0,1bd4afc5fc4112f537a6292c4ac1ee71_777c57311d510ca65dac3c1077dee435fc0_96x96.jpg?1708078344,Diamond,21,0,UNK
Lanara Iscool,21950292,90,0,Cerberus,Chaos,0,0,bed362ae4c2c6903102688ba22136127_777c57311d510ca65dac3c1077dee435fc0_96x96.jpg?1708076789,Diamond,171,0,UNK
Zekken Crimson,32214356,91,0,Spriggan,Chaos,0,0,75abe6f232011715aff436ab8495a612_feaf0a2e88ff164813fbc9b85876fa48fc0_96x96.jpg?1708078239,Diamond,120,0,UNK
Aludra Canis,36211928,92,0,Spriggan,Chaos,0,0,034341d201cf5429a022a00544ae14bd_feaf0a2e88ff164813fbc9b85876fa48fc0_96x96.jpg?1708077762,Diamond,60,0,UNK
Jermz Misaki,2379761,93,0,Louisoix,Chaos,0,0,893bf4549a24aa2e6aa69ec786c9d497_0a122616f3718d3f45cab10fd8fc1604fc0_96x96.jpg?1708078250,Diamond,30,0,UNK
Le Baizuo,48050010,94,0,Spriggan,Chaos,0,0,ef7cf1e41b833343f32e93c655b538a7_feaf0a2e88ff164813fbc9b85876fa48fc0_96x96.jpg?1708077256,Diamond,162,0,UNK
Ryssrael Niunaglwyn,33315027,95,0,Omega,Chaos,0,0,33b521784d0398ac0bb6736f1c6d0a15_39e25ac3d737c46452305eefe324372cfc0_96x96.jpg?1708076988,Diamond,141,0,UNK
Ka La,18103622,96,0,Ragnarok,Chaos,0,0,79cb69a4d9a7535c8ee4e2bbfc9b2a1d_40d57ba713628f3f1ef5ef204b6d76d2fc0_96x96.jpg?1708076891,Diamond,58,0,UNK
Talon Tan,41773730,97,0,Spriggan,Chaos,0,0,52752063e3c8f8b36a8cb6c6058f1229_feaf0a2e88ff164813fbc9b85876fa48fc0_96x96.jpg?1708079260,Diamond,48,0,UNK
Brian Ricardo,19883847,98,0,Ragnarok,Chaos,0,0,37b0c97cd1ddc0f966d9e223e20f4f7b_40d57ba713628f3f1ef5ef204b6d76d2fc0_96x96.jpg?1708076056,Diamond,47,0,UNK
Neraud Ta'r,10804858,99,0,Cerberus,Chaos,0,0,0a9f616e73a37771d7ff84d92e5778b6_777c57311d510ca65dac3c1077dee435fc0_96x96.jpg?1708076504,Diamond,35,0,UNK
Vbsxac Cdsnjk,50355178,100,0,Moogle,Chaos,0,0,9af7dad7a671e7235db1357bd30096d4_d7a9d5f85a29d6278ec1c7adc2c8d242fc0_96x96.jpg?1708077259,Diamond,9,0,UNK
Suhr Zarek,8876676,1,0,Balmung,Crystal,4009,0,c09e4087ccb76545f31b81fa5ca01485_7a573cbc0cda3a3dfc1795cb3d9f7b23fc0_96x96.jpg?1708078269,Crystal,184,0,UNK
Fulheart Grit,38212551,2,0,Malboro,Crystal,2859,0,4a4d99f967c37bf42bd739857921e360_2e97c13fdd593d15d543093f8a37b6f0fc0_96x96.jpg?1708079352,Crystal,325,0,UNK
Quick Chat,49368845,3,0,Zalera,Crystal,2548,0,f99571bdbba409dcf637ddb373580c0c_8106f857613f8fb994b0be37b26ff4bafc0_96x96.jpg?1708077201,Crystal,107,0,UNK
Biden Uchiha,35400026,4,0,Diabolos,Crystal,2429,0,852211ba303cbb66ea968d3a4965ea4e_7b33d33ae3ecb996f778a5f67a6a0af6fc0_96x96.jpg?1708079089,Crystal,121,0,UNK
Talon Sparda,39038797,5,0,Coeurl,Crystal,2397,0,d809254a099fb5317aeeea9b2a03760c_284358f8eb4efc9095914e46798c6ab3fc0_96x96.jpg?1708076235,Crystal,187,0,UNK
Bigg Succ,14228989,6,0,Coeurl,Crystal,2094,0,d833225ff74a6d00fc89b134cc155262_284358f8eb4efc9095914e46798c6ab3fc0_96x96.jpg?1708077374,Crystal,68,0,UNK
Hina Shuri,34546609,7,0,Malboro,Crystal,2091,0,f4ff3990b7b44b0182e77a2a0fe18d8a_2e97c13fdd593d15d543093f8a37b6f0fc0_96x96.jpg?1708076488,Crystal,152,0,UNK
Terro Beoulve,45682109,8,0,Coeurl,Crystal,2030,0,5c8262e03844a30a89d0d2374247f03c_284358f8eb4efc9095914e46798c6ab3fc0_96x96.jpg?1708078748,Crystal,74,0,UNK
Mi Ly,47428755,9,0,Zalera,Crystal,1828,0,789fca429e8ef3d8698b69ddedcb84f3_8106f857613f8fb994b0be37b26ff4bafc0_96x96.jpg?1708077410,Crystal,115,0,UNK
Sylvie Chan,48678953,10,0,Brynhildr,Crystal,1535,0,14580705b6124b25ef19217300b4891f_d0a0f515a62457570c9b44997063e3c1fc0_96x96.jpg?1708078543,Crystal,109,0,UNK
Fantasma Atomico,47320195,11,0,Diabolos,Crystal,1405,0,d0c162f9b28f19634bce05da6e6d90f7_7b33d33ae3ecb996f778a5f67a6a0af6fc0_96x96.jpg?1708077746,Crystal,54,0,UNK
Buzzy Wuzzy,36606684,12,0,Balmung,Crystal,1377,0,c8354ec48c39ab63e2f2cf13293552c0_7a573cbc0cda3a3dfc1795cb3d9f7b23fc0_96x96.jpg?1708077197,Crystal,114,0,UNK
Melee Onry,34947176,13,0,Malboro,Crystal,1375,0,ef0cdc660f896e6ee5a09e7f40dd40ac_2e97c13fdd593d15d543093f8a37b6f0fc0_96x96.jpg?1708076825,Crystal,142,0,UNK
Sosig's Girlfriend,48396388,14,0,Malboro,Crystal,1331,0,46b858ba6ca34da1380912bf22e373a2_2e97c13fdd593d15d543093f8a37b6f0fc0_96x96.jpg?1708078086,Crystal,62,0,UNK
Judas Demaio,7957583,15,0,Balmung,Crystal,1289,0,802e8b947615ba3fa10ac8d8e4fb1ebf_7a573cbc0cda3a3dfc1795cb3d9f7b23fc0_96x96.jpg?1708079271,Crystal,69,0,UNK
Bicycle Salesman,24093573,16,0,Coeurl,Crystal,1134,0,730738e1195e0357923d7e3200b49905_284358f8eb4efc9095914e46798c6ab3fc0_96x96.jpg?1708078455,Crystal,207,0,UNK
Yos Sy,23664999,17,0,Zalera,Crystal,1094,0,01f58e6e2269085746fd0a5b6fe0e7f2_8106f857613f8fb994b0be37b26ff4bafc0_96x96.jpg?1708076824,Crystal,113,0,UNK
Satoru Gojou,48764071,18,0,Coeurl,Crystal,1091,0,cfaa3805c7a62fc99a75b9c68da57b17_284358f8eb4efc9095914e46798c6ab3fc0_96x96.jpg?1708077663,Crystal,128,0,UNK
Suhr Zarek,41651606,19,0,Goblin,Crystal,1030,0,9a55a7c2b29a7a0b7de33b2fcc5a0411_8e81e2940511f7152ba4462fe53e35b8fc0_96x96.jpg?1708076398,Crystal,129,0,UNK
Doomballoon Dapingus,19169037,20,0,Diabolos,Crystal,1017,0,e43cef91ca38a14de0e5bea2295ba9c0_7b33d33ae3ecb996f778a5f67a6a0af6fc0_96x96.jpg?1708078738,Crystal,107,0,UNK
Tiny Sosig,16648383,21,0,Balmung,Crystal,1016,0,47661dc0b135d6c15fadc46a3fa85816_7a573cbc0cda3a3dfc1795cb3d9f7b23fc0_96x96.jpg?1708077913,Crystal,245,0,UNK
Ratge Moment,42348338,22,0,Zalera,Crystal,1011,0,a5e681220b12c32bc7ab7f00eba310c8_8106f857613f8fb994b0be37b26ff4bafc0_96x96.jpg?1708078459,Crystal,59,0,UNK
Tape Worm,22843403,23,0,Zalera,Crystal,1005,0,e92e8da3f9f3a40bf5ef448737bf627d_8106f857613f8fb994b0be37b26ff4bafc0_96x96.jpg?1708078908,Crystal,55,0,UNK
Minerva Scarlet,4029997,24,0,Coeurl,Crystal,995,0,9292ad77c7078718881622758bd946be_284358f8eb4efc9095914e46798c6ab3fc0_96x96.jpg?1708077114,Crystal,44,0,UNK
Hana Wizu,34297440,25,0,Coeurl,Crystal,987,0,70b64c7ddd89f636a5e3ea65052de831_284358f8eb4efc9095914e46798c6ab3fc0_96x96.jpg?1708076125,Crystal,66,0,UNK
Crothyk Alrihn,19025994,26,0,Zalera,Crystal,921,0,2e5065ac8ea6537c1c7e88970a73aa74_8106f857613f8fb994b0be37b26ff4bafc0_96x96.jpg?1708076389,Crystal,166,0,UNK
Lecastera Orane,38135476,27,0,Zalera,Crystal,906,0,8d076f0f8c4920c2c7d3c75ce82f9042_8106f857613f8fb994b0be37b26ff4bafc0_96x96.jpg?1708077949,Crystal,78,0,UNK
Ser Oswald,28562542,28,0,Mateus,Crystal,899,0,f19ec73ac4b113140c941e06c7653a06_f0c52cc66e124fc2e641d7c21ab2ce79fc0_96x96.jpg?1708076318,Crystal,183,0,UNK
Trump Uzumaki,50285466,29,0,Brynhildr,Crystal,890,0,5e6590a64803dccff78bc82422e4a281_d0a0f515a62457570c9b44997063e3c1fc0_96x96.jpg?1708077641,Crystal,34,0,UNK
Terro Beoulve,38252479,30,0,Mateus,Crystal,888,0,d1385dd06b5b43a696ce5077fbfe6340_f0c52cc66e124fc2e641d7c21ab2ce79fc0_96x96.jpg?1708076862,Crystal,66,0,UNK
Shiki Ryougii,40313836,31,0,Zalera,Crystal,810,0,e01321fa64c813157efa85c6354b9797_8106f857613f8fb994b0be37b26ff4bafc0_96x96.jpg?1708077903,Crystal,37,0,UNK
Michael Shaft,44891975,32,0,Coeurl,Crystal,800,0,f87081859a5f3695276c1e7f3ff1ab4b_284358f8eb4efc9095914e46798c6ab3fc0_96x96.jpg?1708076157,Crystal,52,0,UNK
Blueplanet Sunstrider,41446044,33,0,Coeurl,Crystal,799,0,60e43ec21902c8b544e04c194b8f8b96_284358f8eb4efc9095914e46798c6ab3fc0_96x96.jpg?1708078903,Crystal,74,0,UNK
Severe Person,32143955,34,0,Zalera,Crystal,798,0,59cdbf9a5eb529c99fc5047bca03cf6b_8106f857613f8fb994b0be37b26ff4bafc0_96x96.jpg?1708076932,Crystal,54,0,UNK
One'ilm Punch,14737301,35,0,Coeurl,Crystal,723,0,ae358f1961a81768382378d20c13ae78_284358f8eb4efc9095914e46798c6ab3fc0_96x96.jpg?1708079295,Crystal,105,0,UNK
Be Lieve,9622927,36,0,Balmung,Crystal,706,0,c9df15b03431231a0b265c3c04a66694_7a573cbc0cda3a3dfc1795cb3d9f7b23fc0_96x96.jpg?1708079006,Crystal,39,0,UNK
Lelouch Masamune,12543299,37,0,Malboro,Crystal,696,0,711457fd66b589fb422ba4640a4826f0_2e97c13fdd593d15d543093f8a37b6f0fc0_96x96.jpg?1708079294,Crystal,97,0,UNK
Bo Nuts,2234245,38,0,Zalera,Crystal,695,0,0d8b9ae74f55ea0ba374fa7b38b48862_8106f857613f8fb994b0be37b26ff4bafc0_96x96.jpg?1708076065,Crystal,58,0,UNK
To Ne,17266495,39,0,Balmung,Crystal,691,0,a18df47d123536b7a87651f1cd510cdb_7a573cbc0cda3a3dfc1795cb3d9f7b23fc0_96x96.jpg?1708078713,Crystal,97,0,UNK
Maeva Atoel,28510977,40,0,Zalera,Crystal,616,0,9ffce395ceae1120b37e8eeea433c61d_8106f857613f8fb994b0be37b26ff4bafc0_96x96.jpg?1708076480,Crystal,55,0,UNK
Mtn Boop,36509633,41,0,Brynhildr,Crystal,613,0,175f521a1de707cbfb345e95df5e588c_d0a0f515a62457570c9b44997063e3c1fc0_96x96.jpg?1708078118,Crystal,36,0,UNK
Lynnessa Embersong,39641790,42,0,Balmung,Crystal,600,0,87aa7f9263b214c3e93eeb0e7937bc56_7a573cbc0cda3a3dfc1795cb3d9f7b23fc0_96x96.jpg?1708076033,Crystal,172,0,UNK
Only Sams,44563654,43,0,Zalera,Crystal,600,0,19d16ac7df82ab55029b41780b98be2b_8106f857613f8fb994b0be37b26ff4bafc0_96x96.jpg?1708077846,Crystal,82,0,UNK
Death Reaps,8773483,44,0,Balmung,Crystal,596,0,265183f487ab7e0a5a5b3128ec29a82a_7a573cbc0cda3a3dfc1795cb3d9f7b23fc0_96x96.jpg?1708077658,Crystal,154,0,UNK
Edeelicious Lalo,30133492,45,0,Goblin,Crystal,594,0,f914cb15d55bacb34a248c3424f5b97d_8e81e2940511f7152ba4462fe53e35b8fc0_96x96.jpg?1708076852,Crystal,37,0,UNK
Kuva Curebringer,26013021,46,0,Coeurl,Crystal,593,0,8e52f955471d1fbf749c56079addb490_284358f8eb4efc9095914e46798c6ab3fc0_96x96.jpg?1708076395,Crystal,80,0,UNK
Shmuckles Mcfuzzyface,18132776,47,0,Coeurl,Crystal,593,0,cc1eeef487312f5dbb2f3a44bab7e5a3_284358f8eb4efc9095914e46798c6ab3fc0_96x96.jpg?1708077287,Crystal,56,0,UNK
Sel Sayen,37172437,48,0,Zalera,Crystal,506,0,a915248ac7082baa63001ad7392f48b5_8106f857613f8fb994b0be37b26ff4bafc0_96x96.jpg?1708076753,Crystal,72,0,UNK
Isidor Rose,1463988,49,0,Coeurl,Crystal,502,0,920857049f3b2804fa9858515d3be13b_284358f8eb4efc9095914e46798c6ab3fc0_96x96.jpg?1708076649,Crystal,85,0,UNK
Brian Ricardo,25217879,50,0,Malboro,Crystal,501,0,de3f21a878b9cd94d9f46f3c88d723e5_2e97c13fdd593d15d543093f8a37b6f0fc0_96x96.jpg?1708078916,Crystal,28,0,UNK
X'elle Trevise,10861145,51,0,Coeurl,Crystal,500,0,a65e083047d7a73de724d7cf000d0437_284358f8eb4efc9095914e46798c6ab3fc0_96x96.jpg?1708076127,Crystal,125,0,UNK
Big Three,47754584,52,0,Zalera,Crystal,498,0,ef1725c11b5e975338a0b9d2fccdabfe_8106f857613f8fb994b0be37b26ff4bafc0_96x96.jpg?1708076555,Crystal,91,0,UNK
Cloie Saphira,19299690,53,0,Malboro,Crystal,498,0,db0b159767931858622b440cf1b264a0_2e97c13fdd593d15d543093f8a37b6f0fc0_96x96.jpg?1708079455,Crystal,88,0,UNK
Smol Succ,20402833,54,0,Coeurl,Crystal,483,0,ba88c9e0cab94dc6e54ff9ee11963a69_284358f8eb4efc9095914e46798c6ab3fc0_96x96.jpg?1708079533,Crystal,26,0,UNK
Cabbagepatch Kid,38958464,55,0,Malboro,Crystal,481,0,280fabbc8939248fb9722e3a4d3c20e2_2e97c13fdd593d15d543093f8a37b6f0fc0_96x96.jpg?1708078033,Crystal,90,0,UNK
Tom Diesche,18405124,56,0,Brynhildr,Crystal,402,0,ed1c4fdb1074b3519b700cc1619d3ba6_d0a0f515a62457570c9b44997063e3c1fc0_96x96.jpg?1708078361,Crystal,73,0,UNK
Strictly Pvp,43111613,57,0,Balmung,Crystal,394,0,c6474ae90a1a24b868e7319a14a2063f_7a573cbc0cda3a3dfc1795cb3d9f7b23fc0_96x96.jpg?1708076164,Crystal,41,0,UNK
What Happened,20271913,58,0,Zalera,Crystal,306,0,056e87e94eab999e7d6f8e79c6fa11ea_8106f857613f8fb994b0be37b26ff4bafc0_96x96.jpg?1708078261,Crystal,41,0,UNK
Rivette Moks,11761838,59,0,Balmung,Crystal,301,0,483eb1c1ea94a3300b3a16a17aaf6a51_7a573cbc0cda3a3dfc1795cb3d9f7b23fc0_96x96.jpg?1708079172,Crystal,103,0,UNK
White Glint,36464442,60,0,Balmung,Crystal,300,0,414927e4e766869325ff9e3b8c1b2b57_7a573cbc0cda3a3dfc1795cb3d9f7b23fc0_96x96.jpg?1708077756,Crystal,81,0,UNK
Shinon Gungaleonline,51274227,61,0,Coeurl,Crystal,300,0,6cfd898fb228964a7b1d8d8d39de56c7_284358f8eb4efc9095914e46798c6ab3fc0_96x96.jpg?1708078931,Crystal,80,0,UNK
Ryun Away,43368486,62,0,Balmung,Crystal,300,0,7dbf558c93e397fe9da85c346e26b28b_7a573cbc0cda3a3dfc1795cb3d9f7b23fc0_96x96.jpg?1708078820,Crystal,54,0,UNK
Stephanie Everlong,40554688,63,0,Malboro,Crystal,300,0,bc6af651f6b4dc58b080dd96ce337811_2e97c13fdd593d15d543093f8a37b6f0fc0_96x96.jpg?1708076649,Crystal,46,0,UNK
Nazja Blackcrest,4664921,64,0,Balmung,Crystal,298,0,16742653bc411024dcd8572c363bd7b8_7a573cbc0cda3a3dfc1795cb3d9f7b23fc0_96x96.jpg?1708078281,Crystal,106,0,UNK
Haru Hayama,48798693,65,0,Goblin,Crystal,288,0,ed4f5fe2f0b59b0a566a700c23eed3a8_8e81e2940511f7152ba4462fe53e35b8fc0_96x96.jpg?1708079190,Crystal,26,0,UNK
Honey Cutie,47435709,66,0,Coeurl,Crystal,206,0,96589c7af44bff3bc696dd6beda8b770_284358f8eb4efc9095914e46798c6ab3fc0_96x96.jpg?1708079017,Crystal,57,0,UNK
Mishio Shio,43725073,67,0,Brynhildr,Crystal,205,0,d666672a93f47eeee3a17d4bfedc8b43_d0a0f515a62457570c9b44997063e3c1fc0_96x96.jpg?1708077561,Crystal,58,0,UNK
Roland Montpensier,27408688,68,0,Mateus,Crystal,204,0,f999e29fa2ab10f6ba02338f493e886b_f0c52cc66e124fc2e641d7c21ab2ce79fc0_96x96.jpg?1708077479,Crystal,107,0,UNK
Suhr Zarek,42251690,69,0,Coeurl,Crystal,204,0,7a4c7871b80c73c18d9aa70b15c5c991_284358f8eb4efc9095914e46798c6ab3fc0_96x96.jpg?1708079262,Crystal,27,0,UNK
Big Billy,38400384,70,0,Zalera,Crystal,200,0,5850890ea08ff3493151337c17d5412c_8106f857613f8fb994b0be37b26ff4bafc0_96x96.jpg?1708078310,Crystal,179,0,UNK
Zanelle Solainteau,11732157,71,0,Coeurl,Crystal,200,0,1b560c5b22a19af74c4963e098ea53b9_284358f8eb4efc9095914e46798c6ab3fc0_96x96.jpg?1708076587,Crystal,130,0,UNK
Hermit Taka,37905406,72,0,Zalera,Crystal,199,0,82c1627b82c3a059061ed191555a1b0c_8106f857613f8fb994b0be37b26ff4bafc0_96x96.jpg?1708079561,Crystal,34,0,UNK
Metal Kitten,45950310,73,0,Zalera,Crystal,199,0,72e3accce7c4ef6ca1713ead4d5d1dc2_8106f857613f8fb994b0be37b26ff4bafc0_96x96.jpg?1708077128,Crystal,31,0,UNK
Goemon Da-rat,47422721,74,0,Brynhildr,Crystal,188,0,b75db34b4c8e54c2716d5e93641a806a_d0a0f515a62457570c9b44997063e3c1fc0_96x96.jpg?1708077280,Crystal,22,0,UNK
Mitsu Matsuno,32628889,75,0,Brynhildr,Crystal,104,0,dcb20ec8e47d68ea161e7ab87df1ed43_d0a0f515a62457570c9b44997063e3c1fc0_96x96.jpg?1708077656,Crystal,136,0,UNK
Yuu Gondai,47631697,76,0,Diabolos,Crystal,104,0,9fc828266dd2fe0823ffd0a37acbca78_7b33d33ae3ecb996f778a5f67a6a0af6fc0_96x96.jpg?1708076650,Crystal,39,0,UNK
Riley Raid,34040631,77,0,Coeurl,Crystal,100,0,d88ac43ffe6043d6208903f99850331c_284358f8eb4efc9095914e46798c6ab3fc0_96x96.jpg?1708078485,Crystal,229,0,UNK
Hal Howl,36438950,78,0,Balmung,Crystal,100,0,bc0db122cec0fe7566cfe0e13ea8334a_7a573cbc0cda3a3dfc1795cb3d9f7b23fc0_96x96.jpg?1708078091,Crystal,186,0,UNK
Savard Qerel,20600432,79,0,Diabolos,Crystal,100,0,db0af86bd2eb90f70c42b9e65658aff2_7b33d33ae3ecb996f778a5f67a6a0af6fc0_96x96.jpg?1708076200,Crystal,167,0,UNK
Eloza Ketsch,8667845,80,0,Malboro,Crystal,100,0,4414bb689fd8033d67e6821653f9a232_2e97c13fdd593d15d543093f8a37b6f0fc0_96x96.jpg?1708078550,Crystal,145,0,UNK
Mikjall Djt-yisi,26689137,81,0,Balmung,Crystal,100,0,7885348685c8cada59378ee95f2f9984_7a573cbc0cda3a3dfc1795cb3d9f7b23fc0_96x96.jpg?1708078115,Crystal,114,0,UNK
Challia Chalahko,11412209,82,0,Balmung,Crystal,100,0,636096aa31f549518b233d29617acd47_7a573cbc0cda3a3dfc1795cb3d9f7b23fc0_96x96.jpg?1708078286,Crystal,85,0,UNK
Dawnre Prime,23897136,83,0,Mateus,Crystal,100,0,c7ac0d55c5d807d6384fddc1e04bb252_f0c52cc66e124fc2e641d7c21ab2ce79fc0_96x96.jpg?1708077831,Crystal,83,0,UNK
Tikaasi Mutei,22885948,84,0,Balmung,Crystal,100,0,1075c9437cda93492731a7bfe6b510fa_7a573cbc0cda3a3dfc1795cb3d9f7b23fc0_96x96.jpg?1708078556,Crystal,75,0,UNK
Akuji Ennja,5769103,85,0,Diabolos,Crystal,100,0,cb04d18b8b3ff599f595985de4948617_7b33d33ae3ecb996f778a5f67a6a0af6fc0_96x96.jpg?1708077307,Crystal,70,0,UNK
Vann Healsing,6572,86,0,Coeurl,Crystal,100,0,e19ce452168669ef7abba0e26cc8ee4c_284358f8eb4efc9095914e46798c6ab3fc0_96x96.jpg?1708077267,Crystal,66,0,UNK
Deadrise Mutambo,49340180,87,0,Diabolos,Crystal,100,0,05829ade005fe971a894d48d18963c4f_7b33d33ae3ecb996f778a5f67a6a0af6fc0_96x96.jpg?1708077911,Crystal,63,0,UNK
Emi Lillia,17595177,88,0,Mateus,Crystal,100,0,5dde9ba69f508b1638d741b74cdbe3cf_f0c52cc66e124fc2e641d7c21ab2ce79fc0_96x96.jpg?1708077400,Crystal,62,0,UNK
Isara Kaetta,49482064,89,0,Goblin,Crystal,100,0,2f07fd043a6d5a2a41ccd7bcb377e903_8e81e2940511f7152ba4462fe53e35b8fc0_96x96.jpg?1708077120,Crystal,49,0,UNK
Seretre Lagon,36323809,90,0,Goblin,Crystal,100,0,92966ffb87db34b1166f1936490287bd_8e81e2940511f7152ba4462fe53e35b8fc0_96x96.jpg?1708076308,Crystal,48,0,UNK
Liliane Utsumi,1062022,91,0,Balmung,Crystal,100,0,8578e8056fd762862e90741a993db4d6_7a573cbc0cda3a3dfc1795cb3d9f7b23fc0_96x96.jpg?1708077750,Crystal,47,0,UNK
Alma Braver,729037,92,0,Goblin,Crystal,100,0,1d50d402d833734bf7f0d1fe6b3af5e8_8e81e2940511f7152ba4462fe53e35b8fc0_96x96.jpg?1708077736,Crystal,46,0,UNK
Haze Atra,19247,93,0,Coeurl,Crystal,100,0,9a1d9d0ecb1bd547db2aa8b908081d19_284358f8eb4efc9095914e46798c6ab3fc0_96x96.jpg?1708078199,Crystal,44,0,UNK
Valencia August,47488507,94,0,Malboro,Crystal,100,0,74082ea00ca67b1dfe51967027d96b6b_2e97c13fdd593d15d543093f8a37b6f0fc0_96x96.jpg?1708079563,Crystal,41,0,UNK
Madora Dawn,41089237,95,0,Diabolos,Crystal,100,0,e82e9f36275e6522d7b3c4ab12dd1738_7b33d33ae3ecb996f778a5f67a6a0af6fc0_96x96.jpg?1708077741,Crystal,34,0,UNK
Celliera Yomi,32552880,96,0,Goblin,Crystal,100,0,2202de5ba41f9a379cc3dce47060cb43_8e81e2940511f7152ba4462fe53e35b8fc0_96x96.jpg?1708078291,Crystal,18,0,UNK
Nana Chan,47121860,97,0,Brynhildr,Crystal,100,0,941c274151b9a5bc6f8248a8119a6d9e_d0a0f515a62457570c9b44997063e3c1fc0_96x96.jpg?1708077453,Crystal,16,0,UNK
Vise Valencia,4012350,98,0,Coeurl,Crystal,100,0,b0a0562a3fe37ed8a3eefb362048c4ca_284358f8eb4efc9095914e46798c6ab3fc0_96x96.jpg?1708079087,Crystal,14,0,UNK
Johnny Feller,35447748,99,0,Goblin,Crystal,0,0,6a10d0e7f8127a1cbfef7a2d291625d1_8e81e2940511f7152ba4462fe53e35b8fc0_96x96.jpg?1708077057,Diamond,161,0,UNK
Takako Nakatani,39432457,100,0,Balmung,Crystal,0,0,1a9d99c75d236711f7aee3b400705b32_7a573cbc0cda3a3dfc1795cb3d9f7b23fc0_96x96.jpg?1708077096,Diamond,109,0,UNK
Otama Go,36277413,1,0,Carbuncle,Elemental,3656,0,0f12b6b7a0be9980774be84d5fc2130e_9eb3c19866f7ae0eeeffac7bf770aba5fc0_96x96.jpg?1708079032,Crystal,111,5,UNK
Siji Mi,26575051,2,0,Atomos,Elemental,3000,0,cbe0f4db1dc5a043158a6ec31d8012e9_cf768a751b1f5e355c2fd39a9ed91f3ffc0_96x96.jpg?1708077572,Crystal,175,0,UNK
Vivi Ann,4766157,3,0,Kujata,Elemental,2910,0,9543e197b2faf03aa21058f9deedc408_72c48f093f2278ac3243962d3eb6a8d7fc0_96x96.jpg?1708078392,Crystal,103,0,UNK
Glebionis Coronaria,48030188,4,6,Atomos,Elemental,2839,279,d9835b1fcf1c249bd3b4dd9d96e611bc_cf768a751b1f5e355c2fd39a9ed91f3ffc0_96x96.jpg?1708078531,Crystal,204,7,UNK
Kite Free,28865954,5,7,Kujata,Elemental,2817,287,b602646591e3d050094503c65590ee4c_72c48f093f2278ac3243962d3eb6a8d7fc0_96x96.jpg?1708078118,Crystal,81,6,UNK
Taroe Kobuta,8734523,6,4,Kujata,Elemental,2715,0,821347c202f7d7d6b676bd393bcdfdae_72c48f093f2278ac3243962d3eb6a8d7fc0_96x96.jpg?1708078826,Crystal,240,7,UNK
Satosan Fiftysix,26440218,7,5,Typhon,Elemental,2584,0,0b17719ebd757aaebd8ff00d5d1bd6f5_32d8c9c7cd5f62d62da2d31b6750a680fc0_96x96.jpg?1708077111,Crystal,140,16,UNK
Nicku Nicku,18939474,8,0,Tonberry,Elemental,2281,0,c713d7a775bba8adf5d47b2630f63674_7bb6b1e488f0e4f01c5314d010b60f31fc0_96x96.jpg?1708076699,Crystal,47,0,UNK
May Mrk,28092659,9,0,Kujata,Elemental,2187,0,88c4cbe9ba095caed57ad6bcbdb19c42_72c48f093f2278ac3243962d3eb6a8d7fc0_96x96.jpg?1708076408,Crystal,110,3,UNK
Ange Ciliegio,1686962,10,0,Atomos,Elemental,1967,0,59e7fb02c5fc2af8111364635f319ae2_cf768a751b1f5e355c2fd39a9ed91f3ffc0_96x96.jpg?1708078436,Crystal,68,0,UNK
Iraka Ballantine,1566579,11,0,Tonberry,Elemental,1860,0,263246482230d11b3703e82641ca19d5_7bb6b1e488f0e4f01c5314d010b60f31fc0_96x96.jpg?1708079375,Crystal,101,0,UNK
Tina Rilu,19729040,12,0,Garuda,Elemental,1825,0,d2789c8cf5b13d90860d1cf75ac8f3e4_fcb1f5b0249d1069e5bdc66d0796f26afc0_96x96.jpg?1708077116,Crystal,92,0,UNK
Amelia Blackcat,27502947,13,0,Tonberry,Elemental,1720,0,833eb0ff2c66c32d9a2f2834ef04336f_7bb6b1e488f0e4f01c5314d010b60f31fc0_96x96.jpg?1708076322,Crystal,88,0,UNK
Torime Nico,26400369,14,21,Atomos,Elemental,1707,197,dbb2fb17c00b9c7a6e6ca0a65c888ac6_cf768a751b1f5e355c2fd39a9ed91f3ffc0_96x96.jpg?1708078567,Crystal,159,11,UNK
Toune Tonkou,50306204,15,14,Aegis,Elemental,1707,0,d612be19827b6e062f24693d91c03808_3ea38e723c590aabf186367e1eb7e6a1fc0_96x96.jpg?1708077308,Crystal,118,0,UNK
Shi Syou,5023543,16,22,Atomos,Elemental,1705,204,d930c67636980aa5cc10bd814bdc2dbd_cf768a751b1f5e355c2fd39a9ed91f3ffc0_96x96.jpg?1708077830,Crystal,126,3,UNK
Kuma Kumaara,22850510,17,15,Garuda,Elemental,1694,0,843f7a3e584daa3b1153a95b6856ff3d_fcb1f5b0249d1069e5bdc66d0796f26afc0_96x96.jpg?1708076961,Crystal,43,0,UNK
Hibarii Maiden,2220475,18,16,Garuda,Elemental,1692,0,46a565a07005b1224b7facd2223d54b9_fcb1f5b0249d1069e5bdc66d0796f26afc0_96x96.jpg?1708077580,Crystal,143,0,UNK
Amelia Merci,4615493,19,20,Garuda,Elemental,1675,98,db0adaf5f94fc8a26eddba17a3cc3000_fcb1f5b0249d1069e5bdc66d0796f26afc0_96x96.jpg?1708078826,Crystal,228,1,UNK
Adiana Farrah,2436224,20,17,Tonberry,Elemental,1674,0,0d58cfc8d92794cf5469841b0de85f14_7bb6b1e488f0e4f01c5314d010b60f31fc0_96x96.jpg?1708078117,Crystal,69,4,UNK
Deuce Tokimiya,10967986,21,46,Atomos,Elemental,1669,498,5de0de738f7bc6b6dabc12efa1f4b944_cf768a751b1f5e355c2fd39a9ed91f3ffc0_96x96.jpg?1708078216,Crystal,73,6,UNK
Sato Zero,27764007,22,18,Kujata,Elemental,1596,0,0cc0fa67d99999ac6cb68e2460f91395_72c48f093f2278ac3243962d3eb6a8d7fc0_96x96.jpg?1708078663,Crystal,60,2,UNK
Night Arc,22834640,23,19,Typhon,Elemental,1585,0,929bd35b0393b7c83a59f825225b71fd_32d8c9c7cd5f62d62da2d31b6750a680fc0_96x96.jpg?1708077045,Crystal,291,14,UNK
Coo Yanky,32078480,24,23,Aegis,Elemental,1499,0,a8d9117ca1289e0dd2db80714170a84e_3ea38e723c590aabf186367e1eb7e6a1fc0_96x96.jpg?1708077032,Crystal,55,2,UNK
Iz Levmel,17594950,25,24,Garuda,Elemental,1488,0,9e457ec4068931e92288544db8499aae_fcb1f5b0249d1069e5bdc66d0796f26afc0_96x96.jpg?1708077031,Crystal,86,2,UNK
Lido Lado,2223211,26,48,Tonberry,Elemental,1417,299,1dd86a058bfeb2fceaee84ec39d35535_7bb6b1e488f0e4f01c5314d010b60f31fc0_96x96.jpg?1708079050,Crystal,96,4,UNK
Creya Oaks,20662074,27,25,Tonberry,Elemental,1409,0,0fb57385ff1c90e3ea26edc53722b78c_7bb6b1e488f0e4f01c5314d010b60f31fc0_96x96.jpg?1708079397,Crystal,267,7,UNK
Fennel Earltea,21886406,28,26,Typhon,Elemental,1378,0,4e8f23f97ca17b02271d5d67829e204d_32d8c9c7cd5f62d62da2d31b6750a680fc0_96x96.jpg?1708078050,Crystal,108,5,UNK
Zo Ne,29941283,29,27,Aegis,Elemental,1369,0,19543d1e04965859e66f5a79d2fbc44a_3ea38e723c590aabf186367e1eb7e6a1fc0_96x96.jpg?1708079103,Crystal,126,8,UNK
Yukari Murasaki,55087,30,28,Aegis,Elemental,1333,0,c0533d2fd76bce95d3ed5ec5c1ca1753_3ea38e723c590aabf186367e1eb7e6a1fc0_96x96.jpg?1708076413,Crystal,168,7,UNK
Hatozo Ito,39455624,31,29,Typhon,Elemental,1327,0,a2de1cbebb1230e8f11f0fa765df7d0f_32d8c9c7cd5f62d62da2d31b6750a680fc0_96x96.jpg?1708079188,Crystal,100,3,UNK
Gappi Tsukihi,6017268,32,30,Garuda,Elemental,1312,0,3774ca4e08d0f3656e9837b76091fc27_fcb1f5b0249d1069e5bdc66d0796f26afc0_96x96.jpg?1708076078,Crystal,38,0,UNK
Kanta Astro,1428363,33,31,Gungnir,Elemental,1309,0,a2ca39b4f3e9aebce39da6b3bc99b8f0_8f82f937943b6baf4c565020d5eba0ccfc0_96x96.jpg?1708077571,Crystal,187,5,UNK
Gaw Gaw,26068501,34,32,Kujata,Elemental,1300,0,597bc3ac4b125e08aea18491d105274f_72c48f093f2278ac3243962d3eb6a8d7fc0_96x96.jpg?1708078028,Crystal,52,0,UNK
Zeal Beleren,833171,35,33,Gungnir,Elemental,1294,0,bdcc4b44645628f4939a9bba50070518_8f82f937943b6baf4c565020d5eba0ccfc0_96x96.jpg?1708079504,Crystal,89,0,UNK
Renard Blanche,23991579,36,83,Garuda,Elemental,1294,499,77da911f4046b7b2f7d2dfc59cc9aa3b_fcb1f5b0249d1069e5bdc66d0796f26afc0_96x96.jpg?1708076043,Crystal,60,9,UNK
Fal Colreone,23983263,37,34,Carbuncle,Elemental,1292,0,aba2327b74b35b4dd80147e2b9440a32_9eb3c19866f7ae0eeeffac7bf770aba5fc0_96x96.jpg?1708078838,Crystal,102,0,UNK
Furanzeska Sumeragi,8414050,38,43,Tonberry,Elemental,1289,95,7300d72d23103eb5494b3e21bf99b3b6_7bb6b1e488f0e4f01c5314d010b60f31fc0_96x96.jpg?1708078147,Crystal,43,1,UNK
Chrysos Namir,47788293,39,35,Aegis,Elemental,1281,0,7ce68ca673ab175152875c138e7f7ed8_3ea38e723c590aabf186367e1eb7e6a1fc0_96x96.jpg?1708075972,Crystal,64,0,UNK
Kurumi Hanabi,11983896,40,36,Kujata,Elemental,1281,0,eebb2e3d23c9fd68336537172831b335_72c48f093f2278ac3243962d3eb6a8d7fc0_96x96.jpg?1708077856,Crystal,49,0,UNK
Popopo Popopo,30117957,41,37,Carbuncle,Elemental,1219,0,ac68582f8e9fb2e7635257b27e61008a_9eb3c19866f7ae0eeeffac7bf770aba5fc0_96x96.jpg?1708079194,Crystal,38,0,UNK
Scarlet Garden,39384600,42,38,Carbuncle,Elemental,1217,0,5132ba5861f3f810bda9c61189a87cd4_9eb3c19866f7ae0eeeffac7bf770aba5fc0_96x96.jpg?1708078956,Crystal,93,0,UNK
Kyoumi-naine Kyoumi,18946463,43,39,Gungnir,Elemental,1210,2,c6cc56b4dc85fd12bc5bdce357776e0a_8f82f937943b6baf4c565020d5eba0ccfc0_96x96.jpg?1708077847,Crystal,65,8,UNK
Hakune Maxamu,77133,44,40,Aegis,Elemental,1207,0,0da51f9178d181145d00e4129da4e8b1_3ea38e723c590aabf186367e1eb7e6a1fc0_96x96.jpg?1708078645,Crystal,157,5,UNK
Bavay Duo,36612810,45,41,Aegis,Elemental,1201,0,c91f70126fd684ddd4cb8b15cdafa1a4_3ea38e723c590aabf186367e1eb7e6a1fc0_96x96.jpg?1708076935,Crystal,46,0,UNK
Hashimoto Takuto,47628156,46,42,Garuda,Elemental,1196,0,c0091b426ff8927b8f9ef53fb1fc7f01_fcb1f5b0249d1069e5bdc66d0796f26afc0_96x96.jpg?1708078496,Crystal,43,0,UNK
Rborne Erondr,40086828,47,44,Tonberry,Elemental,1193,0,3f720c8b647d3207cc7be43623391545_7bb6b1e488f0e4f01c5314d010b60f31fc0_96x96.jpg?1708076497,Crystal,126,0,UNK
Teeteena Teena,50846425,48,71,Kujata,Elemental,1186,295,cf3af51a3535bb934dc9fab3e2db7e3a_72c48f093f2278ac3243962d3eb6a8d7fc0_96x96.jpg?1708078027,Crystal,141,8,UNK
Kuma Labyri,43253059,49,45,Carbuncle,Elemental,1186,0,f01561e1200a864105017b17b1a47505_9eb3c19866f7ae0eeeffac7bf770aba5fc0_96x96.jpg?1708078478,Crystal,29,0,UNK
Ama Chan,6350793,50,47,Aegis,Elemental,1165,0,5c1f6f9ef3b58c5ff4b79d140f234fbf_3ea38e723c590aabf186367e1eb7e6a1fc0_96x96.jpg?1708076802,Crystal,70,0,UNK
Alma Draclau,2412524,51,49,Tonberry,Elemental,1106,0,4df6888b2029f078da58c4b1f73ed42f_7bb6b1e488f0e4f01c5314d010b60f31fc0_96x96.jpg?1708079546,Crystal,183,9,UNK
Unchou Kan,1575311,52,50,Aegis,Elemental,1097,0,43eef415e4c92f6ff93b1d4dae6b7ab8_3ea38e723c590aabf186367e1eb7e6a1fc0_96x96.jpg?1708079141,Crystal,43,0,UNK
Flame Lieutenant,26730437,53,51,Aegis,Elemental,1097,0,abcf9766ae25a96d6d55295482f4bb13_3ea38e723c590aabf186367e1eb7e6a1fc0_96x96.jpg?1708077950,Crystal,37,0,UNK
Arbor Rus,33130539,54,52,Garuda,Elemental,1093,0,65aa4b446b92f43ab67bcdf743a60f26_fcb1f5b0249d1069e5bdc66d0796f26afc0_96x96.jpg?1708079559,Crystal,41,0,UNK
Robs Wiz,47501636,55,82,Aegis,Elemental,1091,291,24b0e4e155ae76da2a553003980ac156_3ea38e723c590aabf186367e1eb7e6a1fc0_96x96.jpg?1708078569,Crystal,206,6,UNK
J'naiah Terran,5199034,56,53,Tonberry,Elemental,1086,0,e152f32d983b2f4d481c76df169d638c_7bb6b1e488f0e4f01c5314d010b60f31fc0_96x96.jpg?1708076851,Crystal,64,0,UNK
Kaley Wendanraen,40850955,57,54,Kujata,Elemental,1085,0,5449bb068eb6abf3c9a8e3cc5999d814_72c48f093f2278ac3243962d3eb6a8d7fc0_96x96.jpg?1708077805,Crystal,139,0,UNK
Charlotte Strawberry,21780515,58,55,Gungnir,Elemental,1084,0,5e8845bc210dab587d3b9eb47ea4ad31_8f82f937943b6baf4c565020d5eba0ccfc0_96x96.jpg?1708076790,Crystal,238,3,UNK
Him Durung,26986151,59,75,Typhon,Elemental,1072,197,dea4f752c65d7e810c2cbeb42137a711_32d8c9c7cd5f62d62da2d31b6750a680fc0_96x96.jpg?1708076030,Crystal,301,2,UNK
Rariboy Xx,4660025,60,56,Garuda,Elemental,1068,0,80b036f210d47467413b630ce1537551_fcb1f5b0249d1069e5bdc66d0796f26afc0_96x96.jpg?1708076418,Crystal,143,0,UNK
A'stral Fhuz,35366809,61,57,Carbuncle,Elemental,1034,0,dca8f812a06205fe36ee4d0dbb64df1c_9eb3c19866f7ae0eeeffac7bf770aba5fc0_96x96.jpg?1708078136,Crystal,59,0,UNK
God Moai,4474924,62,58,Atomos,Elemental,1008,0,05f6a7a1f7ee2f6b156d711777e8411f_cf768a751b1f5e355c2fd39a9ed91f3ffc0_96x96.jpg?1708078284,Crystal,31,0,UNK
Pekemi Vs,34522615,63,59,Carbuncle,Elemental,1007,0,9fa0d9dd5f5841a202fb4f9e517211e7_9eb3c19866f7ae0eeeffac7bf770aba5fc0_96x96.jpg?1708079311,Crystal,148,0,UNK
Fu Ni,7612846,64,60,Carbuncle,Elemental,1005,0,0327934afee0c3eb3550e394419db8f4_9eb3c19866f7ae0eeeffac7bf770aba5fc0_96x96.jpg?1708079119,Crystal,58,0,UNK
Junbest Lilian,3183842,65,0,Gungnir,Elemental,998,504,6a5fbc08822e010d9fbe36d879f9b834_8f82f937943b6baf4c565020d5eba0ccfc0_96x96.jpg?1708079281,Crystal,116,13,UNK
Milk Chaotic,11709432,66,61,Garuda,Elemental,995,0,459f97a9da011601e8186970a6c8564e_fcb1f5b0249d1069e5bdc66d0796f26afc0_96x96.jpg?1708076554,Crystal,79,0,UNK
Hyde Suta,3129505,67,62,Carbuncle,Elemental,990,0,4535742390448a5e3b926ce9d7f18056_9eb3c19866f7ae0eeeffac7bf770aba5fc0_96x96.jpg?1708076160,Crystal,68,0,UNK
Sha Moji,19121169,68,100,Carbuncle,Elemental,989,294,eb82915777eea0c952b2885bf59641d9_9eb3c19866f7ae0eeeffac7bf770aba5fc0_96x96.jpg?1708078116,Crystal,148,9,UNK
Haido Hawal,46822975,69,73,Atomos,Elemental,982,96,addebe7a8f440a3d41bc69472b9ee33e_cf768a751b1f5e355c2fd39a9ed91f3ffc0_96x96.jpg?1708078039,Crystal,96,2,UNK
Muu Date,7798871,70,63,Aegis,Elemental,980,0,4db3bfab0be78f8a4cb395c667ee56de_3ea38e723c590aabf186367e1eb7e6a1fc0_96x96.jpg?1708079433,Crystal,54,3,UNK
Aristel Brown,3214595,71,64,Typhon,Elemental,979,0,edba68904ef1184c5563cdd263603a74_32d8c9c7cd5f62d62da2d31b6750a680fc0_96x96.jpg?1708076332,Crystal,181,0,UNK
Nonono Ise,7749979,72,65,Garuda,Elemental,978,0,c8ba206aec5bd466da2edf24cd95d531_fcb1f5b0249d1069e5bdc66d0796f26afc0_96x96.jpg?1708077696,Crystal,129,0,UNK
Maverick Zyla,45576793,73,89,Atomos,Elemental,923,198,6b0237c10e2fc3de4cac78e882c63380_cf768a751b1f5e355c2fd39a9ed91f3ffc0_96x96.jpg?1708077074,Crystal,118,7,UNK
Akatuki Re,22410327,74,0,Carbuncle,Elemental,917,303,b3e601fbc493d7bc642faec11f3c05fb_9eb3c19866f7ae0eeeffac7bf770aba5fc0_96x96.jpg?1708079308,Crystal,91,4,UNK
Rokka Gallete,23609500,75,66,Kujata,Elemental,915,4,6cb05d39414f85c9977ed746371b9289_72c48f093f2278ac3243962d3eb6a8d7fc0_96x96.jpg?1708078478,Crystal,35,3,UNK
Rip Rill,726210,76,0,Gungnir,Elemental,909,501,1ed2cf8fd8dc78c1ec061d9bb9c45462_8f82f937943b6baf4c565020d5eba0ccfc0_96x96.jpg?1708077219,Crystal,43,5,UNK
Caramel Affogato,1576965,77,81,Garuda,Elemental,898,98,4a272a4689bf5808d80bc1c4c498fa5b_fcb1f5b0249d1069e5bdc66d0796f26afc0_96x96.jpg?1708078115,Crystal,230,1,UNK
Hitomi L'h,1828472,78,67,Garuda,Elemental,898,0,5cbcf5ffdd71a5125b21ffcfc158e58d_fcb1f5b0249d1069e5bdc66d0796f26afc0_96x96.jpg?1708078301,Crystal,145,0,UNK
Elcueid Falet,25952655,79,68,Atomos,Elemental,897,0,7ce8b47917275fa77da5296240c19b54_cf768a751b1f5e355c2fd39a9ed91f3ffc0_96x96.jpg?1708077065,Crystal,29,1,UNK
Crocono Cassius,20531297,80,69,Tonberry,Elemental,894,0,bad1e07067916fec35d64d4a39bd33b3_7bb6b1e488f0e4f01c5314d010b60f31fc0_96x96.jpg?1708078567,Crystal,156,12,UNK
Kama Chann,26335544,81,70,Kujata,Elemental,893,0,199f1aa09a06eb6b32802bbd55d7a9eb_72c48f093f2278ac3243962d3eb6a8d7fc0_96x96.jpg?1708078028,Crystal,28,0,UNK
Sheryln Diva,37298484,82,72,Garuda,Elemental,888,0,8f0a469a2b85a45d26c2e4378bca4cc4_fcb1f5b0249d1069e5bdc66d0796f26afc0_96x96.jpg?1708077302,Crystal,100,0,UNK
Artesia Lynra,12607438,83,84,Tonberry,Elemental,888,93,fbb1c6124466531a758df7a258fc35e6_7bb6b1e488f0e4f01c5314d010b60f31fc0_96x96.jpg?1708075991,Crystal,26,3,UNK
Imsorry Rr,46370094,84,74,Aegis,Elemental,887,6,662775c1b43e6b64b8e8bc67b7528156_3ea38e723c590aabf186367e1eb7e6a1fc0_96x96.jpg?1708076234,Crystal,70,1,UNK
Shiro Brown,26264687,85,91,Gungnir,Elemental,818,107,66e95ca981913c447787a857e5591328_8f82f937943b6baf4c565020d5eba0ccfc0_96x96.jpg?1708079316,Crystal,34,2,UNK
Berta Vittich,15789946,86,76,Kujata,Elemental,814,0,7345479f872857ad0658a787783b54ab_72c48f093f2278ac3243962d3eb6a8d7fc0_96x96.jpg?1708079115,Crystal,54,0,UNK
Kenafu Helga,19478437,87,77,Kujata,Elemental,810,0,2b6fcf4ad71a2a07c30eec648c59e7fc_72c48f093f2278ac3243962d3eb6a8d7fc0_96x96.jpg?1708076515,Crystal,59,0,UNK
Jack Gravity',9392242,88,78,Gungnir,Elemental,803,0,ef7271a8911bf0877b3ce0f1165109bf_8f82f937943b6baf4c565020d5eba0ccfc0_96x96.jpg?1708078027,Crystal,49,2,UNK
Black Shilfe,6119654,89,79,Garuda,Elemental,802,0,c692c92112ef020103c745532c23d80a_fcb1f5b0249d1069e5bdc66d0796f26afc0_96x96.jpg?1708077662,Crystal,278,6,UNK
Go Shimoha,34867148,90,80,Atomos,Elemental,802,0,ae2b1c621dba6642958ae2b33bf5b05d_cf768a751b1f5e355c2fd39a9ed91f3ffc0_96x96.jpg?1708078289,Crystal,81,0,UNK
Kani Sakuya,8234146,91,85,Gungnir,Elemental,789,0,915d11553cc579a3f4473e9ba25defaa_8f82f937943b6baf4c565020d5eba0ccfc0_96x96.jpg?1708078585,Crystal,40,0,UNK
Wr Nnc,35802954,92,86,Typhon,Elemental,788,0,1212ebad6dde8cf1cd79905a2b648b5d_32d8c9c7cd5f62d62da2d31b6750a680fc0_96x96.jpg?1708077033,Crystal,173,7,UNK
Wan Tang,2624772,93,87,Atomos,Elemental,788,0,af6692390dc3237647e6dac2aeb99b1d_cf768a751b1f5e355c2fd39a9ed91f3ffc0_96x96.jpg?1708078021,Crystal,129,0,UNK
Laias Forte,25728071,94,0,Typhon,Elemental,788,190,65ce3788ff703b832882877540f64ffd_32d8c9c7cd5f62d62da2d31b6750a680fc0_96x96.jpg?1708075967,Crystal,35,4,UNK
Minisuta Blood,24769179,95,0,Atomos,Elemental,783,100,851ddd354ea9b3a8e623078a0f4d8a05_cf768a751b1f5e355c2fd39a9ed91f3ffc0_96x96.jpg?1708078128,Crystal,29,1,UNK
Bombard Communio,24834709,96,88,Typhon,Elemental,780,0,39d2bddb96b28bd1831f2a6184476c4f_32d8c9c7cd5f62d62da2d31b6750a680fc0_96x96.jpg?1708079535,Crystal,23,0,UNK
Belka Chiave,23351587,97,90,Carbuncle,Elemental,718,0,1f61e503a5eb05575caf4b1bf4cbed31_9eb3c19866f7ae0eeeffac7bf770aba5fc0_96x96.jpg?1708079507,Crystal,110,0,UNK
Sena Ulkucu,14563831,98,91,Atomos,Elemental,711,0,c20636d00bf9321858a9bf159c1e38f3_cf768a751b1f5e355c2fd39a9ed91f3ffc0_96x96.jpg?1708078566,Crystal,32,0,UNK
Muzika Rotta,34653998,99,0,Carbuncle,Elemental,710,204,f15a6e7049f057904bb9c7bcee2975cb_9eb3c19866f7ae0eeeffac7bf770aba5fc0_96x96.jpg?1708078687,Crystal,52,3,UNK
Mayu Yu,21677973,100,93,Carbuncle,Elemental,708,0,06584948ac7c91a22266506f34d0783e_9eb3c19866f7ae0eeeffac7bf770aba5fc0_96x96.jpg?1708075988,Crystal,21,0,UNK
Hey Brother,45200966,1,0,Tiamat,Gaia,3934,0,a8a17cb9146f4745a7cdad36872b150a_9f10d335198e90990f3437c5733468e7fc0_96x96.jpg?1708078833,Crystal,63,0,UNK
Hakuto Leonard,4360852,2,0,Alexander,Gaia,3682,86,ce1414dce9b6aeb1f328bdf4840938bf_b7a71d8799cf6dd75b711a7f52de6675fc0_96x96.jpg?1708076929,Crystal,107,9,UNK
Final Wakka-g,43806981,3,0,Ridill,Gaia,3205,0,1e553c70d2f77a08b8498794d9dedd86_138751880f18161a907d7cf0faa43f07fc0_96x96.jpg?1708078101,Crystal,244,9,UNK
Paker Zuka,35106373,4,0,Bahamut,Gaia,3176,0,1dfba22310e23cd21bd3a7481bf928e1_86da943caa70c8694707ab2ff74e68c9fc0_96x96.jpg?1708077643,Crystal,110,0,UNK
Pelo Ya,40884353,5,0,Bahamut,Gaia,3144,0,dcd458c3fe6e98d82ec0fcf4f3129641_86da943caa70c8694707ab2ff74e68c9fc0_96x96.jpg?1708078220,Crystal,243,7,UNK
Tsuchi Tsuki,39089046,6,0,Bahamut,Gaia,3112,0,032858264c706c6341f57dbef9e86da1_86da943caa70c8694707ab2ff74e68c9fc0_96x96.jpg?1708076226,Crystal,137,0,UNK
Freja Goat,45429556,7,0,Ultima,Gaia,3068,0,ce445d7067bc16b90d6ad6a1c61fb2db_9df1b3cb0da35db33c17ef11ddf12adafc0_96x96.jpg?1708077935,Crystal,87,0,UNK
Kyle Chann,51503782,8,0,Fenrir,Gaia,3007,0,1ac9ed802b7ae86e7a04fb04e6adb653_d384cf5ad7db803f29799f36ebbc3eadfc0_96x96.jpg?1708076235,Crystal,166,3,UNK
Pochiko Ro,14515315,9,0,Tiamat,Gaia,2859,0,d3cbe13fc99968199818069a7d72f15f_9f10d335198e90990f3437c5733468e7fc0_96x96.jpg?1708076050,Crystal,80,0,UNK
Mon Coeur,13160876,10,0,Ifrit,Gaia,2716,0,f919bebf0992ff8c9eec0fcc530d00dd_f9f796348bc43067c7242ec4551cde69fc0_96x96.jpg?1708078382,Crystal,129,0,UNK
White Kagerou,3332749,11,0,Ifrit,Gaia,2708,0,c0a3e2364034ff7401f13d1a617d906e_f9f796348bc43067c7242ec4551cde69fc0_96x96.jpg?1708076411,Crystal,371,17,UNK
Havak Ulgasch,26173695,12,36,Ultima,Gaia,2676,592,25eb9ad8dc30d96d9f3be125e514eb6e_9df1b3cb0da35db33c17ef11ddf12adafc0_96x96.jpg?1708077751,Crystal,108,9,UNK
Antomo Rid,23256133,13,12,Ridill,Gaia,2599,0,43434fbb441dac122f20d3718abe724e_138751880f18161a907d7cf0faa43f07fc0_96x96.jpg?1708076583,Crystal,187,7,UNK
San Sowa,35604125,14,13,Ridill,Gaia,2480,0,c5fbf3709fd6b4c8fba74f67e0820609_138751880f18161a907d7cf0faa43f07fc0_96x96.jpg?1708076134,Crystal,130,0,UNK
Kyo Twilight,30343517,15,14,Ifrit,Gaia,2462,0,6defc9436b918d5f2bdbfb72c3e4d06e_f9f796348bc43067c7242ec4551cde69fc0_96x96.jpg?1708077803,Crystal,220,0,UNK
Yuki Macaron-vanille,37997737,16,37,Ridill,Gaia,2379,297,87df14febf49ad8a24a323b239fb3250_138751880f18161a907d7cf0faa43f07fc0_96x96.jpg?1708078507,Crystal,43,4,UNK
Folern Lotus,50523163,17,15,Alexander,Gaia,2375,0,d4d4a8202a470be365bd9d3e11ccd9f4_b7a71d8799cf6dd75b711a7f52de6675fc0_96x96.jpg?1708076856,Crystal,63,0,UNK
Warabi Ibara,43559257,18,16,Ifrit,Gaia,2352,0,46c8a774b0ef8b650daca9ffe263d257_f9f796348bc43067c7242ec4551cde69fc0_96x96.jpg?1708078243,Crystal,150,1,UNK
Calaire Aiciel,50623776,19,17,Alexander,Gaia,2352,1,ef74233b14914210464052f95c984099_b7a71d8799cf6dd75b711a7f52de6675fc0_96x96.jpg?1708079545,Crystal,147,10,UNK
Djinn Piston,44999217,20,56,Durandal,Gaia,2344,591,f34e66517ae3b26262c9b4f09835c5a0_806ea5b45071d5cd6bf393e38462ee71fc0_96x96.jpg?1708079094,Crystal,359,22,UNK
Silver Fish,1685472,21,25,Tiamat,Gaia,2309,98,d120e5c883044c27e047d03a08d44f81_9f10d335198e90990f3437c5733468e7fc0_96x96.jpg?1708078940,Crystal,107,1,UNK
Kaname Seeker,21863017,22,18,Ridill,Gaia,2309,0,d95b7a83d4317d39a65d0e7aa2c35ce8_138751880f18161a907d7cf0faa43f07fc0_96x96.jpg?1708079118,Crystal,84,0,UNK
Tea Blue,22003011,23,19,Ultima,Gaia,2293,0,8dbb02429651112846df1b474d603521_9df1b3cb0da35db33c17ef11ddf12adafc0_96x96.jpg?1708077353,Crystal,151,7,UNK
Emk Emry,51227409,24,20,Bahamut,Gaia,2292,0,75d6627d755623eee8ba6677ea3035cf_86da943caa70c8694707ab2ff74e68c9fc0_96x96.jpg?1708078607,Crystal,102,14,UNK
Nahctliht Slafsunnsyn,43487564,25,21,Ultima,Gaia,2287,0,5a8624b391fdda14ae66cad5565dea4d_9df1b3cb0da35db33c17ef11ddf12adafc0_96x96.jpg?1708076682,Crystal,58,0,UNK
Omochi Nya,44784650,26,22,Durandal,Gaia,2266,0,2cbbab0bbe27f7027e6ad748513c7f15_806ea5b45071d5cd6bf393e38462ee71fc0_96x96.jpg?1708077753,Crystal,95,0,UNK
Stella Rufus,32981376,27,23,Fenrir,Gaia,2226,0,6d3c31365dff1bc61d57eeec218ae79c_d384cf5ad7db803f29799f36ebbc3eadfc0_96x96.jpg?1708078748,Crystal,190,4,UNK
Yan Yan,3182501,28,24,Alexander,Gaia,2225,0,5cd079575de2bd01f87a188c93738695_b7a71d8799cf6dd75b711a7f52de6675fc0_96x96.jpg?1708079552,Crystal,223,10,UNK
Zsika Mu',18898369,29,26,Ridill,Gaia,2210,0,ed7f8569bf4537dfd9f2ea953ad59e8a_138751880f18161a907d7cf0faa43f07fc0_96x96.jpg?1708077318,Crystal,88,0,UNK
Morumi Rumi,5819525,30,27,Fenrir,Gaia,2181,0,819c0240b9b23eef1ed8fc2d0f39d94f_d384cf5ad7db803f29799f36ebbc3eadfc0_96x96.jpg?1708077124,Crystal,65,0,UNK
Tea Amber,27104286,31,28,Ultima,Gaia,2178,0,ac848627c2714853de77ea09104b66f6_9df1b3cb0da35db33c17ef11ddf12adafc0_96x96.jpg?1708078924,Crystal,116,16,UNK
Ria Scarlet',34869665,32,29,Tiamat,Gaia,2171,0,0f1e2aa671e8a2d6e619dc0389ac38b8_9f10d335198e90990f3437c5733468e7fc0_96x96.jpg?1708078489,Crystal,111,0,UNK
Cinzia Castagnone,42223337,33,30,Ultima,Gaia,2152,0,f04869081ccf9229ca06746e399b2740_9df1b3cb0da35db33c17ef11ddf12adafc0_96x96.jpg?1708076289,Crystal,86,0,UNK
Cg Midlander,50007656,34,31,Fenrir,Gaia,2150,0,73746aab8b21d5917fab43f4db6f35aa_d384cf5ad7db803f29799f36ebbc3eadfc0_96x96.jpg?1708077649,Crystal,151,4,UNK
Tam Sin,26754914,35,32,Ultima,Gaia,2114,0,4e875947aa4b95d1be857096f32d4ae8_9df1b3cb0da35db33c17ef11ddf12adafc0_96x96.jpg?1708078506,Crystal,46,0,UNK
Bronze Warrior,33944385,36,33,Alexander,Gaia,2090,0,3a8559d847a626b7d8a2760ec13a73b5_b7a71d8799cf6dd75b711a7f52de6675fc0_96x96.jpg?1708079482,Crystal,332,14,UNK
Mashumaro Tsurugi,50222807,37,34,Durandal,Gaia,2088,0,31fd330df465ff1080752e19d6bc9eb7_806ea5b45071d5cd6bf393e38462ee71fc0_96x96.jpg?1708078388,Crystal,44,0,UNK
Rumia Alfort,3879182,38,35,Bahamut,Gaia,2086,0,2d925e37c21e72247cff1c461850938c_86da943caa70c8694707ab2ff74e68c9fc0_96x96.jpg?1708077582,Crystal,132,0,UNK
Rinzeru Vailu,8948793,39,38,Fenrir,Gaia,2034,0,90693fe83ea5de5efb1117113e9e7367_d384cf5ad7db803f29799f36ebbc3eadfc0_96x96.jpg?1708079448,Crystal,259,14,UNK
Teena Lewis,2553070,40,49,Bahamut,Gaia,2027,203,53366246b477a6a74d51a27aa7146532_86da943caa70c8694707ab2ff74e68c9fc0_96x96.jpg?1708078852,Crystal,117,4,UNK
Dumb Catgirl,49931257,41,0,Ultima,Gaia,2012,894,6fc4eb8844117360fb2f23f75b38a18b_9df1b3cb0da35db33c17ef11ddf12adafc0_96x96.jpg?1708076202,Crystal,61,21,UNK
Faye Previn,13381108,42,39,Bahamut,Gaia,2005,0,d5828365b65c74d42decb2054de789d6_86da943caa70c8694707ab2ff74e68c9fc0_96x96.jpg?1708077480,Crystal,68,0,UNK
Mila Scarlett,6352963,43,40,Ifrit,Gaia,1992,0,fff29974da6d3c8e0a99a4807e562f53_f9f796348bc43067c7242ec4551cde69fc0_96x96.jpg?1708078888,Crystal,190,3,UNK
Chihaya Ayase,46870132,44,41,Bahamut,Gaia,1989,0,8edfec36487759518ec1cffa1d5d414b_86da943caa70c8694707ab2ff74e68c9fc0_96x96.jpg?1708076407,Crystal,230,5,UNK
Lily Skywalker,3146189,45,64,Ultima,Gaia,1968,290,6cebb48a09aabac7dc2c1f2743015631_9df1b3cb0da35db33c17ef11ddf12adafc0_96x96.jpg?1708078559,Crystal,138,14,UNK
Hokuto Akilala,47657214,46,55,Durandal,Gaia,1961,199,a1c2548d69e3356b0e9f8187bd1367e2_806ea5b45071d5cd6bf393e38462ee71fc0_96x96.jpg?1708079318,Crystal,66,2,UNK
Saiga Viola,7569523,47,42,Bahamut,Gaia,1921,0,f3ca1eed29d1f8a87cf195b3640eb2d5_86da943caa70c8694707ab2ff74e68c9fc0_96x96.jpg?1708076766,Crystal,189,2,UNK
Imlink Rr,46726473,48,43,Bahamut,Gaia,1905,0,6c9ffcd32b7d78e8b7e09c63d130ef2a_86da943caa70c8694707ab2ff74e68c9fc0_96x96.jpg?1708078025,Crystal,146,0,UNK
Oboro Xiv,6861092,49,44,Ridill,Gaia,1903,0,1c33491e517554afea1de8bd0b1aa1ee_138751880f18161a907d7cf0faa43f07fc0_96x96.jpg?1708078146,Crystal,46,0,UNK
Dietrich Berg,13601700,50,45,Alexander,Gaia,1899,0,b2de98b4d9fd2daa6174ad26e0431e9f_b7a71d8799cf6dd75b711a7f52de6675fc0_96x96.jpg?1708078747,Crystal,180,0,UNK
Jake Emethart,30406074,51,46,Alexander,Gaia,1895,0,0bb538c469f634e7e8b6453518a8df60_b7a71d8799cf6dd75b711a7f52de6675fc0_96x96.jpg?1708078684,Crystal,75,0,UNK
Zorro Gris,32722431,52,47,Fenrir,Gaia,1882,0,e75ff8db50bba7c088dcf03fbadf4422_d384cf5ad7db803f29799f36ebbc3eadfc0_96x96.jpg?1708076233,Crystal,50,0,UNK
Daiki Beoulve,2597350,53,48,Fenrir,Gaia,1848,0,7fe94550e6fa6c3b70af1a49d8ef9140_d384cf5ad7db803f29799f36ebbc3eadfc0_96x96.jpg?1708076487,Crystal,165,0,UNK
Chiaki Sake,43488882,54,0,Durandal,Gaia,1832,797,2a5ff41fbc7d23ccf484e2b045856af9_806ea5b45071d5cd6bf393e38462ee71fc0_96x96.jpg?1708078754,Crystal,119,17,UNK
Renn Coco,28043571,55,50,Ultima,Gaia,1818,0,b3046f9b876c32bec48a02da2dd7ef4f_9df1b3cb0da35db33c17ef11ddf12adafc0_96x96.jpg?1708077904,Crystal,150,4,UNK
Yuki Yui,25457703,56,59,Ultima,Gaia,1811,100,53e27d2153b5d4878ef23b1326589ff5_9df1b3cb0da35db33c17ef11ddf12adafc0_96x96.jpg?1708076417,Crystal,210,6,UNK
Flame Lieutenant,18125743,57,51,Tiamat,Gaia,1781,0,df6a2e6fa727f793568d36a7cc4fbb69_9f10d335198e90990f3437c5733468e7fc0_96x96.jpg?1708078641,Crystal,90,0,UNK
Lancer Yan,18545180,58,52,Fenrir,Gaia,1781,0,b5d95c2f29f83c258c8ed96425acd32b_d384cf5ad7db803f29799f36ebbc3eadfc0_96x96.jpg?1708076861,Crystal,57,0,UNK
Greed Pinepie,30313084,59,67,Fenrir,Gaia,1772,104,84179e8ba4d495655ac50ac0cd3f7880_d384cf5ad7db803f29799f36ebbc3eadfc0_96x96.jpg?1708077958,Crystal,326,5,UNK
Nikuma Imuraya,20817979,60,53,Fenrir,Gaia,1763,0,4109201f76091f61ebcdcfb03562b7fc_d384cf5ad7db803f29799f36ebbc3eadfc0_96x96.jpg?1708076229,Crystal,89,0,UNK
Imperial Medics,853779,61,54,Bahamut,Gaia,1762,0,cd44a6bc3e4796aa22d55bd68e4d125c_86da943caa70c8694707ab2ff74e68c9fc0_96x96.jpg?1708078456,Crystal,189,11,UNK
Fill Fill,25468613,62,69,Ifrit,Gaia,1752,92,c540c7c4eec9f70b65223386e7aede42_f9f796348bc43067c7242ec4551cde69fc0_96x96.jpg?1708078886,Crystal,245,14,UNK
Lynco Rico,49916277,63,57,Bahamut,Gaia,1727,0,3251f29079e8a4f54a3ca9f6a329e8fd_86da943caa70c8694707ab2ff74e68c9fc0_96x96.jpg?1708079207,Crystal,79,0,UNK
Avaron Ninesisters,1584314,64,58,Tiamat,Gaia,1722,0,5c1970240f5e1f80ffabdd3988080f5e_9f10d335198e90990f3437c5733468e7fc0_96x96.jpg?1708078295,Crystal,304,5,UNK
Ani Rante,44246857,65,60,Fenrir,Gaia,1706,0,3c0058dc3e9e31bcdc55d355e6b00881_d384cf5ad7db803f29799f36ebbc3eadfc0_96x96.jpg?1708077908,Crystal,91,6,UNK
Rio Valencia,3184664,66,61,Bahamut,Gaia,1694,0,c923ef9c84c4dd791499e68da5deb25c_86da943caa70c8694707ab2ff74e68c9fc0_96x96.jpg?1708077793,Crystal,84,0,UNK
Pine Djt-setlas,43181906,67,62,Tiamat,Gaia,1692,0,4865a6e0241016b3150bec701379234f_9f10d335198e90990f3437c5733468e7fc0_96x96.jpg?1708079471,Crystal,47,0,UNK
Grave Aclaudia,38275973,68,63,Ifrit,Gaia,1689,0,884ed7c6704c2e9febae340d15106834_f9f796348bc43067c7242ec4551cde69fc0_96x96.jpg?1708078386,Crystal,42,0,UNK
Aqua Rose,46102211,69,88,Bahamut,Gaia,1679,203,3cf42562250d55071069dfea99320f4d_86da943caa70c8694707ab2ff74e68c9fc0_96x96.jpg?1708078422,Crystal,44,3,UNK
Yume Utakata,19864816,70,65,Ifrit,Gaia,1673,0,7f279fd7e733ad74fd37e8c5b1499acf_f9f796348bc43067c7242ec4551cde69fc0_96x96.jpg?1708077495,Crystal,95,3,UNK
Kinomoto Sakura,25236458,71,66,Bahamut,Gaia,1669,0,66aa49264970117a9f292ff3d1f6bfef_86da943caa70c8694707ab2ff74e68c9fc0_96x96.jpg?1708078861,Crystal,85,1,UNK
Batman Xiv,35523476,72,68,Ultima,Gaia,1664,0,ec067d5bad0ac287a6660bc688bf0253_9df1b3cb0da35db33c17ef11ddf12adafc0_96x96.jpg?1708079099,Crystal,182,0,UNK
Rein Asshe,17170082,73,70,Ultima,Gaia,1657,0,f9ab83c24ecb748f4dad2b1415364524_9df1b3cb0da35db33c17ef11ddf12adafc0_96x96.jpg?1708076075,Crystal,155,1,UNK
Gi Na,4480110,74,71,Ifrit,Gaia,1639,0,e62998b01c8d94c920ab52a243ee8e26_f9f796348bc43067c7242ec4551cde69fc0_96x96.jpg?1708078785,Crystal,165,8,UNK
Lala Cas,48565427,75,72,Ultima,Gaia,1636,0,147eaa60cb00aea7e2952fddf7067f96_9df1b3cb0da35db33c17ef11ddf12adafc0_96x96.jpg?1708076873,Crystal,128,0,UNK
Gel Mizzet,8835816,76,92,Ifrit,Gaia,1618,202,16d658dd27e735bd2d372181dede601a_f9f796348bc43067c7242ec4551cde69fc0_96x96.jpg?1708078937,Crystal,164,2,UNK
Soushi Yukimura,4308750,77,73,Ultima,Gaia,1603,0,aec88e9aef7bf216db7b2312412c0b59_9df1b3cb0da35db33c17ef11ddf12adafc0_96x96.jpg?1708078151,Crystal,108,0,UNK
Elemental Painful,48753373,78,74,Bahamut,Gaia,1603,0,b26f6065538c4d8fb27d7b83e30e5cff_86da943caa70c8694707ab2ff74e68c9fc0_96x96.jpg?1708077503,Crystal,82,0,UNK
Flame Lieunchi,49365726,79,75,Durandal,Gaia,1602,0,c066009035bf025864383a0d5410f71b_806ea5b45071d5cd6bf393e38462ee71fc0_96x96.jpg?1708076926,Crystal,79,0,UNK
Zwei Kreuz,14516450,80,94,Bahamut,Gaia,1601,199,367ea315b18ce50bb6f34a9ea77f3222_86da943caa70c8694707ab2ff74e68c9fc0_96x96.jpg?1708078398,Crystal,102,2,UNK
God Moai,23953439,81,0,Alexander,Gaia,1588,403,b6c7952151d895785ffe02245d75076c_b7a71d8799cf6dd75b711a7f52de6675fc0_96x96.jpg?1708079142,Crystal,83,5,UNK
Inks Kurono,24536372,82,76,Durandal,Gaia,1586,0,7cb998198b4c44a9eb5de4d27e0cd79b_806ea5b45071d5cd6bf393e38462ee71fc0_96x96.jpg?1708078648,Crystal,54,0,UNK
Witch Faerie,50530532,83,77,Bahamut,Gaia,1584,0,18c292dcba91b73382ead8574f3b8d29_86da943caa70c8694707ab2ff74e68c9fc0_96x96.jpg?1708079374,Crystal,101,0,UNK
Lanza Albarn,9487631,84,78,Tiamat,Gaia,1582,0,477cb837328e7c90b5bfcf0ae9d6c13a_9f10d335198e90990f3437c5733468e7fc0_96x96.jpg?1708078557,Crystal,81,4,UNK
Donk Pan,29113887,85,79,Alexander,Gaia,1582,0,ecc181e700745975784cecf1a9984e3f_b7a71d8799cf6dd75b711a7f52de6675fc0_96x96.jpg?1708076005,Crystal,60,0,UNK
Dodopita Pittan,3558680,86,89,Tiamat,Gaia,1568,95,0c4178029dae08c0fcbe267d46034e76_9f10d335198e90990f3437c5733468e7fc0_96x96.jpg?1708076236,Crystal,82,2,UNK
Hase Schwarzer,17348743,87,80,Ifrit,Gaia,1555,0,9f1d5def954b7eaa9bbc2dbbbc03685c_f9f796348bc43067c7242ec4551cde69fc0_96x96.jpg?1708076062,Crystal,152,3,UNK
Mew Bastet,17432168,88,81,Alexander,Gaia,1547,0,e58f2bcc9e2ee642fa184580acaafd02_b7a71d8799cf6dd75b711a7f52de6675fc0_96x96.jpg?1708077665,Crystal,269,1,UNK
Ro Re,47457463,89,82,Alexander,Gaia,1503,0,b9d90ecdbbccc59846275d059f1268ed_b7a71d8799cf6dd75b711a7f52de6675fc0_96x96.jpg?1708077499,Crystal,90,0,UNK
Nasia Ideal,2148297,90,83,Durandal,Gaia,1500,0,da802de3d2d7bbde2ec6634f91ce8785_806ea5b45071d5cd6bf393e38462ee71fc0_96x96.jpg?1708078295,Crystal,102,9,UNK
Menhera Himechan,49490355,91,84,Ultima,Gaia,1490,0,551f317d637d6efd7dd96f33df999611_9df1b3cb0da35db33c17ef11ddf12adafc0_96x96.jpg?1708077875,Crystal,122,0,UNK
Todoroki Touya,27881559,92,85,Ultima,Gaia,1486,0,d5daff39811e281c1ed80e23332e2d9c_9df1b3cb0da35db33c17ef11ddf12adafc0_96x96.jpg?1708078289,Crystal,57,0,UNK
Hoshikuz Siina,1173407,93,86,Tiamat,Gaia,1484,0,f966bf2277aea0b0af7b96dbbca7abc1_9f10d335198e90990f3437c5733468e7fc0_96x96.jpg?1708077579,Crystal,148,0,UNK
Black' Cat,27132360,94,100,Ifrit,Gaia,1478,94,25f0dd65be1cf71e9e26e0bcc0dc271f_f9f796348bc43067c7242ec4551cde69fc0_96x96.jpg?1708079278,Crystal,102,7,UNK
Nemuko Makura,22952337,95,87,Durandal,Gaia,1477,0,2de9ba12432dbfa0962543bd77521100_806ea5b45071d5cd6bf393e38462ee71fc0_96x96.jpg?1708077601,Crystal,112,0,UNK
Ame Miya,29899644,96,90,Ifrit,Gaia,1471,0,b100d242042a959747356c785eed5121_f9f796348bc43067c7242ec4551cde69fc0_96x96.jpg?1708076217,Crystal,39,0,UNK
Trife Song,50085787,97,91,Durandal,Gaia,1462,0,3f7dc9f0b55252dbdaa1b5687b4f5c16_806ea5b45071d5cd6bf393e38462ee71fc0_96x96.jpg?1708076154,Crystal,84,1,UNK
Eringi Dangerous,47844610,98,93,Durandal,Gaia,1411,0,a8c7c4c57c9dd5a2a5ced9bf98009a6e_806ea5b45071d5cd6bf393e38462ee71fc0_96x96.jpg?1708077504,Crystal,91,7,UNK
Honey Cat,51251838,99,0,Ultima,Gaia,1407,1009,c89504a579493fe83a6003536b5fcfdf_9df1b3cb0da35db33c17ef11ddf12adafc0_96x96.jpg?1708076191,Crystal,83,17,UNK
Mongolian Warrior,49583767,100,95,Alexander,Gaia,1401,0,1bef0937b449596e86054deacb94c3f5_b7a71d8799cf6dd75b711a7f52de6675fc0_96x96.jpg?1708079400,Crystal,39,0,UNK
Taivas L'tulta,46948666,1,0,Odin,Light,2167,0,30ba088e17b99c9f748bd47b4ff33fb4_644311b63b607133c989d7c1188467dafc0_96x96.jpg?1708076613,Crystal,50,0,UNK
Lex'ander Wayfarer,18009481,2,0,Odin,Light,1677,0,0adfa03fe11940a91e3b6a2ed08ddb88_644311b63b607133c989d7c1188467dafc0_96x96.jpg?1708076443,Crystal,62,0,UNK
Toki Isur,16811472,3,0,Lich,Light,1587,0,0f38ca26bcfe5c4c064998df2afabe35_7206469080400ed57a5373d0a9c55c59fc0_96x96.jpg?1708077188,Crystal,64,0,UNK
Lybel Alyborias,47426151,4,0,Alpha,Light,1288,0,28c1058ab5fee2512869f033bfcf8a67_6132295fcf5570fb8b0a944ef322a598fc0_96x96.jpg?1708077438,Crystal,41,0,UNK
Cit Amsirp,45153808,5,0,Alpha,Light,1097,0,15c3eecb572c0ddc29126d008606770c_6132295fcf5570fb8b0a944ef322a598fc0_96x96.jpg?1708079419,Crystal,50,0,UNK
Kimbi Aoe,24693270,6,0,Shiva,Light,1088,0,67e0ddfb70faf5725a971d086cfdce61_3fbff0e6b620e4d259dc427abc6574dafc0_96x96.jpg?1708078174,Crystal,109,0,UNK
Milk Jds,10570379,7,0,Zodiark,Light,1081,0,cf8503b76a559329b409ac7cfe329e0c_c274370774c6bc3483cc8740805f41bcfc0_96x96.jpg?1708078707,Crystal,93,0,UNK
Loty Coldwind,36521588,8,0,Twintania,Light,1013,0,3632cf6d20598f5c4c7b748be7e19153_c33f640c0cdd35f7def85b8aa31a0007fc0_96x96.jpg?1708077895,Crystal,109,0,UNK
Emeliah Caldwell,2821342,9,0,Odin,Light,990,0,67ee2aa3d821a99efcc9273e5b879bf1_644311b63b607133c989d7c1188467dafc0_96x96.jpg?1708076914,Crystal,41,0,UNK
Shuten Logi,24126159,10,0,Raiden,Light,894,0,42af7cac214a5075604d36f94f4d7248_a370664d98f658f4ed4e620f378f73cdfc0_96x96.jpg?1708077972,Crystal,64,0,UNK
Auelin Fae,18291844,11,0,Zodiark,Light,811,0,2d6204db02c5efce86aca234fd6f1ce1_c274370774c6bc3483cc8740805f41bcfc0_96x96.jpg?1708079041,Crystal,63,0,UNK
Dragonlife Yosora,39106297,12,0,Zodiark,Light,804,0,9e18ec1da4796242f8501513bfce7175_c274370774c6bc3483cc8740805f41bcfc0_96x96.jpg?1708079073,Crystal,21,0,UNK
Tsukuyo Ritlas,37800185,13,0,Odin,Light,803,0,eca30840fe0bed8e80f620b5f57c49de_644311b63b607133c989d7c1188467dafc0_96x96.jpg?1708079511,Crystal,40,0,UNK
Barzul Lothside,26790306,14,0,Alpha,Light,794,0,cd50530d113856325e61245a7fcb62be_6132295fcf5570fb8b0a944ef322a598fc0_96x96.jpg?1708079528,Crystal,117,0,UNK
Ayaka Fan,44026854,15,0,Raiden,Light,604,0,edd5ade24c2e90c7e31dc38c54f53517_a370664d98f658f4ed4e620f378f73cdfc0_96x96.jpg?1708079437,Crystal,87,0,UNK
Shia Sun,1754600,16,0,Odin,Light,603,0,7550981ba488e5ebe919aa3cb39efbfa_644311b63b607133c989d7c1188467dafc0_96x96.jpg?1708079074,Crystal,60,0,UNK
Sage Eien,31985663,17,0,Zodiark,Light,600,0,78b18dc9ddf854ac3ed5c8fec503f8c6_c274370774c6bc3483cc8740805f41bcfc0_96x96.jpg?1708078980,Crystal,172,0,UNK
Lemi Yuki,23518669,18,0,Phoenix,Light,599,0,fec2902b0e384c23d45d4348d211703c_5047bc596a4bab2dc7f7c120bb22dec5fc0_96x96.jpg?1708078697,Crystal,46,0,UNK
Lemon Lillie,41275441,19,0,Odin,Light,594,0,9026bc5707ac69b1481b246a172ea2bb_644311b63b607133c989d7c1188467dafc0_96x96.jpg?1708077086,Crystal,27,0,UNK
Riseon Misha,26343965,20,0,Zodiark,Light,513,0,d883dcfcee6650b3e6e1691bf6838f6c_c274370774c6bc3483cc8740805f41bcfc0_96x96.jpg?1708076773,Crystal,105,0,UNK
Sefiria Satara,486374,21,0,Twintania,Light,503,0,c881840c18d6c9fc415801f5f8240174_c33f640c0cdd35f7def85b8aa31a0007fc0_96x96.jpg?1708075978,Crystal,98,0,UNK
Sune Dakwhil,12728791,22,0,Twintania,Light,500,0,4760f9b45bd6f71f83adbd97ab87eae3_c33f640c0cdd35f7def85b8aa31a0007fc0_96x96.jpg?1708078670,Crystal,71,0,UNK
Shino Yaru,38308969,23,0,Phoenix,Light,499,0,0662727bb913ed7fe3009f3542ea1e64_5047bc596a4bab2dc7f7c120bb22dec5fc0_96x96.jpg?1708076662,Crystal,31,0,UNK
Neclord Drakan,34358772,24,0,Phoenix,Light,498,0,7e002012c8fc4f9e493cd5879573e088_5047bc596a4bab2dc7f7c120bb22dec5fc0_96x96.jpg?1708076273,Crystal,92,0,UNK
Lawr Hawk,28248881,25,0,Odin,Light,496,0,e241b26df61ea0e201b637a7ae6c4cd4_644311b63b607133c989d7c1188467dafc0_96x96.jpg?1708076517,Crystal,79,0,UNK
Dvsgxh Shjvbx,50524077,26,0,Zodiark,Light,496,0,3a71750be03950236cd22b0c24bd2a32_c274370774c6bc3483cc8740805f41bcfc0_96x96.jpg?1708077064,Crystal,66,0,UNK
Irmele Elandris,13301011,27,0,Odin,Light,496,0,545d79c172c687ee4ac495ceca89d9dd_644311b63b607133c989d7c1188467dafc0_96x96.jpg?1708077207,Crystal,31,0,UNK
Stella Enetari,30751866,28,0,Odin,Light,402,0,64d5222b2f3104da2a8d7bfa829f6ef7_644311b63b607133c989d7c1188467dafc0_96x96.jpg?1708078594,Crystal,22,0,UNK
Vyra Karbon,36843257,29,0,Alpha,Light,400,0,6c4b3531dd9b5bcc35233751f0ec4efb_6132295fcf5570fb8b0a944ef322a598fc0_96x96.jpg?1708079436,Crystal,44,0,UNK
Ixii Koroishii,42300110,30,0,Twintania,Light,399,0,63f26a3424a67a5831229da9ae1e74e9_c33f640c0cdd35f7def85b8aa31a0007fc0_96x96.jpg?1708078521,Crystal,53,0,UNK
Sin Mirrorslave,43994621,31,0,Raiden,Light,398,0,3f8e3345c252d3f9b50e27c481f91100_a370664d98f658f4ed4e620f378f73cdfc0_96x96.jpg?1708076821,Crystal,36,0,UNK
Miyu Edelfelt,21335430,32,0,Phoenix,Light,398,0,ba690d74246b4d07f543f0d9516feec2_5047bc596a4bab2dc7f7c120bb22dec5fc0_96x96.jpg?1708078430,Crystal,34,0,UNK
Crowny Meowny,37433109,33,0,Phoenix,Light,397,0,8e5f217a46c4812e4af1b52ebc419e75_5047bc596a4bab2dc7f7c120bb22dec5fc0_96x96.jpg?1708078234,Crystal,70,0,UNK
Yamizura Kumozuma,19652230,34,0,Twintania,Light,392,0,24bbc9cebf09eb83efcbc272c3085fd1_c33f640c0cdd35f7def85b8aa31a0007fc0_96x96.jpg?1708078496,Crystal,47,0,UNK
Tarath Hallewell,32006882,35,0,Odin,Light,301,0,ea057eb946346c66eb2d40838ef39a60_644311b63b607133c989d7c1188467dafc0_96x96.jpg?1708076969,Crystal,71,0,UNK
Elyndra Mayhn,27143285,36,0,Twintania,Light,301,0,e4b30c11c8c987996e50ee4c5899c037_c33f640c0cdd35f7def85b8aa31a0007fc0_96x96.jpg?1708077720,Crystal,28,0,UNK
White Flow,27405246,37,0,Shiva,Light,297,0,fb627f70a20185a985e94a697da7baa5_3fbff0e6b620e4d259dc427abc6574dafc0_96x96.jpg?1708076925,Crystal,22,0,UNK
Sebruz Lunefeu,43940627,38,0,Phoenix,Light,296,0,c88d7d2e68c0d2714528ff7536825940_5047bc596a4bab2dc7f7c120bb22dec5fc0_96x96.jpg?1708077683,Crystal,158,0,UNK
Aleina Kaslana,26874974,39,0,Twintania,Light,205,0,184dfabc7913df837144b293fe9405c4_c33f640c0cdd35f7def85b8aa31a0007fc0_96x96.jpg?1708076792,Crystal,122,0,UNK
Brian Ricardo,23607238,40,0,Zodiark,Light,203,0,9c9d045f5f22c579ce5c24faa2b9b303_c274370774c6bc3483cc8740805f41bcfc0_96x96.jpg?1708079245,Crystal,26,0,UNK
Flouri Yuuki,21491252,41,0,Phoenix,Light,202,0,1c98c00f62cb76a67e9d388b7dce8ae4_5047bc596a4bab2dc7f7c120bb22dec5fc0_96x96.jpg?1708079276,Crystal,43,0,UNK
Evaline Ra-kaifu,37526808,42,0,Shiva,Light,202,0,96a537579298d2ddb722aa9b834262cd_3fbff0e6b620e4d259dc427abc6574dafc0_96x96.jpg?1708077615,Crystal,38,0,UNK
Void Stellarvore,28691685,43,0,Raiden,Light,200,0,79b02048d874bdc774a96223c423d519_a370664d98f658f4ed4e620f378f73cdfc0_96x96.jpg?1708079400,Crystal,227,0,UNK
Senn Lien,6878995,44,0,Lich,Light,200,0,b17dd2eec4157c671576827f5870373b_7206469080400ed57a5373d0a9c55c59fc0_96x96.jpg?1708077384,Crystal,42,0,UNK
Chief Nomad,46892745,45,0,Alpha,Light,200,0,0c66ad1639249f9ffbfc7bcf2a819d02_6132295fcf5570fb8b0a944ef322a598fc0_96x96.jpg?1708076811,Crystal,33,0,UNK
Xen Thique,40172078,46,0,Odin,Light,200,0,8930228f4df0c18feea28ebbb1c451f2_644311b63b607133c989d7c1188467dafc0_96x96.jpg?1708079232,Crystal,20,0,UNK
Ahri Bea,21099767,47,0,Zodiark,Light,199,0,76d1664265ae631c957cfab6c72cfba9_c274370774c6bc3483cc8740805f41bcfc0_96x96.jpg?1708078959,Crystal,14,0,UNK
Hayha Hayha,50613563,48,0,Twintania,Light,198,0,ac7a0a1a5563d01c604e80e7d0fd12f2_c33f640c0cdd35f7def85b8aa31a0007fc0_96x96.jpg?1708078162,Crystal,39,0,UNK
Korentijn Woodwynn,31824240,49,0,Twintania,Light,103,0,b06f5306d2ef59fb67e4bfd66bef3156_c33f640c0cdd35f7def85b8aa31a0007fc0_96x96.jpg?1708075979,Crystal,34,0,UNK
Spectral Blade,47747214,50,0,Raiden,Light,100,0,3bf617bec1a403388f9c3c43700db590_a370664d98f658f4ed4e620f378f73cdfc0_96x96.jpg?1708076735,Crystal,172,0,UNK
Blue Cat,47356852,51,0,Twintania,Light,100,0,fc9492796dbee9f84ae010350ec7759c_c33f640c0cdd35f7def85b8aa31a0007fc0_96x96.jpg?1708078498,Crystal,84,0,UNK
Mahou Mahou,19913790,52,0,Zodiark,Light,100,0,fd2457d2ba9829e92d010e99eafcaf76_c274370774c6bc3483cc8740805f41bcfc0_96x96.jpg?1708076160,Crystal,65,0,UNK
Lunari Lanuri,33633609,53,0,Shiva,Light,100,0,90177716c875e149b8eb2cec5dc33b2d_3fbff0e6b620e4d259dc427abc6574dafc0_96x96.jpg?1708077538,Crystal,61,0,UNK
Augma Edelfelt,43002767,54,0,Shiva,Light,100,0,e60b69ffe4556d5f11f40b93511957e4_3fbff0e6b620e4d259dc427abc6574dafc0_96x96.jpg?1708077775,Crystal,52,0,UNK
Francis Hassleton,18767213,55,0,Odin,Light,100,0,0fc38b2d74f7b68fb8ad63a825b26df7_644311b63b607133c989d7c1188467dafc0_96x96.jpg?1708076376,Crystal,47,0,UNK
Rivette Moks,13074181,56,0,Odin,Light,100,0,a50200976bf975c1971cc7a77e279095_644311b63b607133c989d7c1188467dafc0_96x96.jpg?1708076737,Crystal,34,0,UNK
Esther Bloom,47274214,57,0,Raiden,Light,100,0,b5c1a5e3fd8ac9fa2bd4873dcbfb859f_a370664d98f658f4ed4e620f378f73cdfc0_96x96.jpg?1708076198,Crystal,32,0,UNK
Maarato Cooke,20349526,57,0,Twintania,Light,100,0,dbab16598b86bb31b2eb96070f723572_c33f640c0cdd35f7def85b8aa31a0007fc0_96x96.jpg?1708078974,Crystal,32,0,UNK
Raiden Senpai,27238016,59,0,Zodiark,Light,100,0,96a909af8d24d60f6d8173f8cc16facb_c274370774c6bc3483cc8740805f41bcfc0_96x96.jpg?1708078055,Crystal,30,0,UNK
Yuripa Arashi,37731658,60,0,Shiva,Light,100,0,73ff0d0b3cc5f92ec79dabffa2bedf80_3fbff0e6b620e4d259dc427abc6574dafc0_96x96.jpg?1708077176,Crystal,28,0,UNK
Velvet Mitsuki,34071505,61,0,Raiden,Light,100,0,8aeb571230337f92857595b7f13d41db_a370664d98f658f4ed4e620f378f73cdfc0_96x96.jpg?1708078780,Crystal,15,0,UNK
Ruru Nayu,17961665,62,0,Odin,Light,0,0,cde6c246bcdd1e32e5c4ae3c07ddf015_644311b63b607133c989d7c1188467dafc0_96x96.jpg?1708079320,Diamond,114,0,UNK
Cecile'to Lowell,24470459,63,0,Lich,Light,0,0,3510101958e799fc71c4e41ab3ba2b75_7206469080400ed57a5373d0a9c55c59fc0_96x96.jpg?1708077532,Diamond,111,0,UNK
Tirith Cenedril,20300750,64,0,Twintania,Light,0,0,2a5a05dee169835f423690bb6e3956e1_c33f640c0cdd35f7def85b8aa31a0007fc0_96x96.jpg?1708078968,Diamond,86,0,UNK
Astral Highwind,29689702,65,0,Raiden,Light,0,0,97af63b900951c4e5b86b87e21f0d233_a370664d98f658f4ed4e620f378f73cdfc0_96x96.jpg?1708076235,Diamond,84,0,UNK
The Underdog,20592034,66,0,Zodiark,Light,0,0,91bfe41e62ecedc14315fef670d6a6a7_c274370774c6bc3483cc8740805f41bcfc0_96x96.jpg?1708079507,Diamond,41,0,UNK
Kalythas Alagria,37806271,67,0,Shiva,Light,0,0,4403baaa9e80e2bfd259c321ef6e7799_3fbff0e6b620e4d259dc427abc6574dafc0_96x96.jpg?1708079074,Diamond,40,0,UNK
Natural Harmonia,49027274,68,0,Odin,Light,0,0,782c87b43d61d94a5612e09075c50513_644311b63b607133c989d7c1188467dafc0_96x96.jpg?1708078884,Diamond,19,0,UNK
Deadrise Therising,7534223,69,0,Lich,Light,0,0,a65dfb1aa18d7809353b845e12c94fc0_7206469080400ed57a5373d0a9c55c59fc0_96x96.jpg?1708076621,Diamond,15,0,UNK
Jun Moxiao,40533777,70,0,Alpha,Light,0,0,9f41b7adf0a59849ae35b17cdace2b32_6132295fcf5570fb8b0a944ef322a598fc0_96x96.jpg?1708077518,Diamond,157,0,UNK
Akari Xion,41509497,71,0,Raiden,Light,0,0,a7c7700f081381ea6daa8b98f94f6155_a370664d98f658f4ed4e620f378f73cdfc0_96x96.jpg?1708079320,Diamond,103,0,UNK
Owry Jams,37419784,72,0,Phoenix,Light,0,0,d8ff4f5e935f99d56a52497903dc96b7_5047bc596a4bab2dc7f7c120bb22dec5fc0_96x96.jpg?1708076636,Diamond,73,0,UNK
Moki Moki,14235486,73,0,Odin,Light,0,0,82d3ef8d03fa7a6ddf4429f15fd296a2_644311b63b607133c989d7c1188467dafc0_96x96.jpg?1708079564,Diamond,10,0,UNK
Feri De,32873333,74,0,Twintania,Light,0,0,04fae792c920333e5bdc3287c0df72e4_c33f640c0cdd35f7def85b8aa31a0007fc0_96x96.jpg?1708076904,Diamond,137,0,UNK
Savius Zien,36020595,75,0,Phoenix,Light,0,0,654a4334b8f77ad31212ae883d8c8df4_5047bc596a4bab2dc7f7c120bb22dec5fc0_96x96.jpg?1708076700,Diamond,126,0,UNK
Skadi Eisenfuchs,38610374,76,0,Lich,Light,0,0,da2e0ae75ad34a6461f407787a0c95d0_7206469080400ed57a5373d0a9c55c59fc0_96x96.jpg?1708079044,Diamond,124,0,UNK
Ivory Jn,51018022,77,0,Zodiark,Light,0,0,c9b60da1b9f29cdc9cc553d5482dbe46_c274370774c6bc3483cc8740805f41bcfc0_96x96.jpg?1708078342,Diamond,94,0,UNK
Choccy Milky,31584500,78,0,Twintania,Light,0,0,6aac55abdef0e454683d341f638e409e_c33f640c0cdd35f7def85b8aa31a0007fc0_96x96.jpg?1708078136,Diamond,59,0,UNK
Ame Sarara,17231289,79,0,Phoenix,Light,0,0,9225bedb3945fd2a59d84ce2ebab6517_5047bc596a4bab2dc7f7c120bb22dec5fc0_96x96.jpg?1708078515,Diamond,13,0,UNK
Recklin Elv,39677497,80,0,Odin,Light,0,0,3c990f7c55a34985fb496735b20a6b10_644311b63b607133c989d7c1188467dafc0_96x96.jpg?1708077062,Diamond,145,0,UNK
Sorei Vesta,29624469,81,0,Phoenix,Light,0,0,0d966b7e4c46b354fde540df2b35a6f1_5047bc596a4bab2dc7f7c120bb22dec5fc0_96x96.jpg?1708076148,Diamond,97,0,UNK
Obo Jeppo,5613918,82,0,Lich,Light,0,0,dd641faf817f0992c9d4e1251b8ca0ce_7206469080400ed57a5373d0a9c55c59fc0_96x96.jpg?1708076010,Diamond,92,0,UNK
Submissive Bunny,50089143,83,0,Odin,Light,0,0,4ea9e87b32e8da714eebaff065d36b81_644311b63b607133c989d7c1188467dafc0_96x96.jpg?1708077457,Diamond,70,0,UNK
Mari Mandolin,30899279,84,0,Zodiark,Light,0,0,1fa66dd317087df797b5df4c80af026a_c274370774c6bc3483cc8740805f41bcfc0_96x96.jpg?1708076557,Diamond,17,0,UNK
Bibiwerg Soumabaute,45024043,85,0,Zodiark,Light,0,0,8e9c39590640a5e51c4ccc49a59b6622_c274370774c6bc3483cc8740805f41bcfc0_96x96.jpg?1708078155,Diamond,91,0,UNK
Rinne Arryn,28659392,86,0,Lich,Light,0,0,ccaa6881b10221d6509a436bc761d3c5_7206469080400ed57a5373d0a9c55c59fc0_96x96.jpg?1708078699,Diamond,60,0,UNK
Reinhardt Azureheim,17739676,87,0,Alpha,Light,0,0,6460e1574f13a0d817f395dccbd23090_6132295fcf5570fb8b0a944ef322a598fc0_96x96.jpg?1708078639,Diamond,53,0,UNK
Reim Akheron,49771952,88,0,Raiden,Light,0,0,3ef0c1581c5629f895ef9beb348e0134_a370664d98f658f4ed4e620f378f73cdfc0_96x96.jpg?1708078877,Diamond,47,0,UNK
Crymaria Bless,23956184,89,0,Twintania,Light,0,0,f77bafeb573ff57932b774b9b708c217_c33f640c0cdd35f7def85b8aa31a0007fc0_96x96.jpg?1708077627,Diamond,11,0,UNK
Zekken Mukyuissen,51160943,90,0,Odin,Light,0,0,67f0041721006f622481b1de76b65057_644311b63b607133c989d7c1188467dafc0_96x96.jpg?1708077518,Diamond,65,0,UNK
Lance Drasmire,4561870,91,0,Phoenix,Light,0,0,2fc756e4367516020a3fd8a196ac8f60_5047bc596a4bab2dc7f7c120bb22dec5fc0_96x96.jpg?1708078274,Diamond,20,0,UNK
Senna Satara,23176811,91,0,Twintania,Light,0,0,393d44946ddd72fe93d3f949f5188817_c33f640c0cdd35f7def85b8aa31a0007fc0_96x96.jpg?1708076883,Diamond,20,0,UNK
Altrios Alrun,37280856,93,0,Odin,Light,0,0,eed006603ff3859a7471671dcb9c221c_644311b63b607133c989d7c1188467dafc0_96x96.jpg?1708078592,Diamond,16,0,UNK
F'whala Yhisha,28249658,94,0,Lich,Light,0,0,58f7ee27778e163a1b797d0bab50e3bf_7206469080400ed57a5373d0a9c55c59fc0_96x96.jpg?1708079242,Diamond,10,0,UNK
Yas Blaidyd,50535246,95,0,Raiden,Light,0,0,d4880095be98d15676e85b63f4589347_a370664d98f658f4ed4e620f378f73cdfc0_96x96.jpg?1708077328,Diamond,116,0,UNK
Aya Ayane,47132135,96,0,Twintania,Light,0,0,c05771fba106e284169488f03bd71a3e_c33f640c0cdd35f7def85b8aa31a0007fc0_96x96.jpg?1708079435,Diamond,113,0,UNK
S'ora Nai,28876458,97,0,Lich,Light,0,0,753eeef7260d5b48fedb9d189d2b51ca_7206469080400ed57a5373d0a9c55c59fc0_96x96.jpg?1708076830,Diamond,110,0,UNK
Kimahri Ultima,10532882,98,0,Zodiark,Light,0,0,b35ea10a73919fcf975f7be6d0089783_c274370774c6bc3483cc8740805f41bcfc0_96x96.jpg?1708078442,Diamond,59,0,UNK
Azureus Blue'poison,10760051,99,0,Lich,Light,0,0,56b00fb81f5a831fe185485225e53a20_7206469080400ed57a5373d0a9c55c59fc0_96x96.jpg?1708076339,Diamond,53,0,UNK
Ermengile Vual,8777256,100,0,Lich,Light,0,0,bc75cd759974dafbe7693c4d8e62a079_7206469080400ed57a5373d0a9c55c59fc0_96x96.jpg?1708079009,Diamond,46,0,UNK
O'yalamo Cirha,41324177,1,0,Asura,Mana,4573,257,e61af5f6a0e8669fc12711f49fa9bf9a_53f1445a9f28799a32ea55f046319fc3fc0_96x96.jpg?1708078916,Crystal,147,7,UNK
Huge Pelo,51158768,2,0,Chocobo,Mana,3406,0,aad817e35c3e51c806e2e3e17c1a0535_781d6b3603312f6be41670afa37282e0fc0_96x96.jpg?1708078420,Crystal,175,9,UNK
Aizen Sosuke,46625154,3,0,Asura,Mana,3257,0,084fe9c7ee753ba32657d9e49b4edde5_53f1445a9f28799a32ea55f046319fc3fc0_96x96.jpg?1708078740,Crystal,145,5,UNK
Kappi Scarlet,11922639,4,0,Asura,Mana,2617,0,820f32c739a02029fdacf6c96cbf1fa4_53f1445a9f28799a32ea55f046319fc3fc0_96x96.jpg?1708076343,Crystal,366,12,UNK
Atai Ikuyo,4875570,5,0,Titan,Mana,2597,0,12a0ba7f14e1c5c5942f18c9c8e760b2_e2bb3f9679fec6d4836fcf8abcc3eeacfc0_96x96.jpg?1708076577,Crystal,212,0,UNK
Piki Pipiki,8459836,6,0,Pandaemonium,Mana,2552,0,07112b7f9fb0ad527f72a0bb016292b8_470db1bf2e865f9130531fea40b61ee4fc0_96x96.jpg?1708076483,Crystal,217,0,UNK
Nim Eipwek,29770146,7,0,Anima,Mana,2491,0,f696a7a4d6dfded52bc26963b892333d_2f698530a28d671d20278c8518c804c9fc0_96x96.jpg?1708078215,Crystal,189,0,UNK
Lufefe Lufe,4685830,8,9,Masamune,Mana,2488,83,f6736c27a458e2374cc4bebdd4e423f7_134930215abb8a90ec37d6cc05b05e08fc0_96x96.jpg?1708077977,Crystal,105,8,UNK
Rya Myosotisy,44244496,9,8,Asura,Mana,2432,0,d39af5863481d80b66f4fe05bf80d003_53f1445a9f28799a32ea55f046319fc3fc0_96x96.jpg?1708076490,Crystal,200,17,UNK
Sead Slendisch,27788989,10,0,Asura,Mana,2358,0,c9bd1276c77cf644ce955ce68575aa37_53f1445a9f28799a32ea55f046319fc3fc0_96x96.jpg?1708076323,Crystal,199,6,UNK
Carol Lucius,3664686,11,0,Anima,Mana,2357,0,1f2f7004dd5d4e3f9f57253a02cac6a0_2f698530a28d671d20278c8518c804c9fc0_96x96.jpg?1708079472,Crystal,145,9,UNK
Tsuyuri Kafu,36536403,12,0,Asura,Mana,2322,0,7ee0b767691bde5ed66371e282c022a4_53f1445a9f28799a32ea55f046319fc3fc0_96x96.jpg?1708076689,Crystal,122,0,UNK
Lain Wired,1578110,13,15,Chocobo,Mana,2292,103,51b29015827612eb3c28c2c8dd0f43ef_781d6b3603312f6be41670afa37282e0fc0_96x96.jpg?1708077951,Crystal,153,3,UNK
Kuro Hane,47114197,14,13,Titan,Mana,2221,0,cf65eca40eb2286ab8247b57ba637a72_e2bb3f9679fec6d4836fcf8abcc3eeacfc0_96x96.jpg?1708078749,Crystal,70,0,UNK
Pyo Gomi,3923676,15,14,Ixion,Mana,2195,0,9a933770decdbb36df3994affa0d65fd_7126768d768f6c6c7fed3eaee98c3a8afc0_96x96.jpg?1708077214,Crystal,63,4,UNK
Ciara Harris,18217850,16,0,Pandaemonium,Mana,2177,0,659240736e3ff3d56487b454576fbaf9_470db1bf2e865f9130531fea40b61ee4fc0_96x96.jpg?1708079525,Crystal,208,4,UNK
Sura Imo,46572735,17,30,Anima,Mana,2104,310,555043bb0725452be8818350954a699f_2f698530a28d671d20278c8518c804c9fc0_96x96.jpg?1708077037,Crystal,89,7,UNK
Shinoha Bennett,19742478,18,17,Asura,Mana,2081,0,5a641c828b87e32ee1fd35815b803535_53f1445a9f28799a32ea55f046319fc3fc0_96x96.jpg?1708079289,Crystal,237,0,UNK
Karma Strife,3816037,19,18,Chocobo,Mana,2070,0,7a25293b17ff84c0c64a519d1fc09720_781d6b3603312f6be41670afa37282e0fc0_96x96.jpg?1708078734,Crystal,67,0,UNK
Yumichin Nekoangel,11505114,20,24,Chocobo,Mana,2055,97,43e39ba4314b9f81eb1067f163d33ed5_781d6b3603312f6be41670afa37282e0fc0_96x96.jpg?1708076060,Crystal,121,1,UNK
Vlad Dracula,16070035,21,19,Masamune,Mana,2053,0,b7bc8854fe65db4f6626819601e536de_134930215abb8a90ec37d6cc05b05e08fc0_96x96.jpg?1708077490,Crystal,186,4,UNK
Dahlia Donne,27213835,22,20,Ixion,Mana,1995,0,c97bce201bd64f1f73fc85a3ba728305_7126768d768f6c6c7fed3eaee98c3a8afc0_96x96.jpg?1708076048,Crystal,243,0,UNK
Konegai Konegai,3277232,23,21,Masamune,Mana,1991,0,3a445dba3d4d2882c60b55a59669971b_134930215abb8a90ec37d6cc05b05e08fc0_96x96.jpg?1708078279,Crystal,152,6,UNK
Ne Mochi,51218986,24,22,Chocobo,Mana,1983,0,a6e627aaddc337610d25a92af9938df2_781d6b3603312f6be41670afa37282e0fc0_96x96.jpg?1708076510,Crystal,61,0,UNK
Tamago Crab,1576417,25,23,Chocobo,Mana,1967,0,0bce11216fe6e4e1cecfe7c969a1460f_781d6b3603312f6be41670afa37282e0fc0_96x96.jpg?1708078666,Crystal,172,2,UNK
Anise Daihuku,31471527,26,40,Ixion,Mana,1905,298,d9321aacccad304955a8d7e5f5f5777b_7126768d768f6c6c7fed3eaee98c3a8afc0_96x96.jpg?1708079384,Crystal,73,5,UNK
Hoshino Kasim,42686982,27,43,Titan,Mana,1898,301,f78f247e9a8ecc3418ea6d973de94fdc_e2bb3f9679fec6d4836fcf8abcc3eeacfc0_96x96.jpg?1708078472,Crystal,56,15,UNK
Tohoho Hohohoho,51155820,28,25,Titan,Mana,1889,0,c6c8deb5348349aab1e61adb1612faf2_e2bb3f9679fec6d4836fcf8abcc3eeacfc0_96x96.jpg?1708076588,Crystal,121,0,UNK
Myao Mao,24728638,29,26,Hades,Mana,1878,0,d9997bf41580966baa05cac301f3729e_a4730651230dd43cb129562a30d531aefc0_96x96.jpg?1708076763,Crystal,62,0,UNK
Ele Corleone,23073286,30,27,Hades,Mana,1868,0,f0fd4d8ae31f2ac372e1cc963bb2452a_a4730651230dd43cb129562a30d531aefc0_96x96.jpg?1708075968,Crystal,89,0,UNK
Yagi San,39789403,31,28,Titan,Mana,1864,0,a9f69f22365543e496675c89e48486c0_e2bb3f9679fec6d4836fcf8abcc3eeacfc0_96x96.jpg?1708077108,Crystal,72,0,UNK
Yagi Sannn,51265457,32,29,Ixion,Mana,1847,0,786158d0111127f8e1767ef9be841275_7126768d768f6c6c7fed3eaee98c3a8afc0_96x96.jpg?1708077754,Crystal,83,0,UNK
Emil Sarasun,7191072,33,42,Asura,Mana,1800,200,052a2527c0dee23533f8162c40d66898_53f1445a9f28799a32ea55f046319fc3fc0_96x96.jpg?1708076305,Crystal,33,2,UNK
Macaulay Culkin,14800338,34,0,Titan,Mana,1792,1496,232988d24bbc3d7f85a909e7b086ba90_e2bb3f9679fec6d4836fcf8abcc3eeacfc0_96x96.jpg?1708078255,Crystal,48,17,UNK
Chii Kawa,28821419,35,45,Asura,Mana,1780,192,ed88193aa6f23ea6c49fdbe6a8e9c0d6_53f1445a9f28799a32ea55f046319fc3fc0_96x96.jpg?1708078316,Crystal,104,7,UNK
Yagi Saan,51410266,36,31,Anima,Mana,1779,0,2e8bdedb0f6aa22f56d0bfd291013477_2f698530a28d671d20278c8518c804c9fc0_96x96.jpg?1708076223,Crystal,88,0,UNK
Hateful Past,26237856,37,32,Asura,Mana,1774,0,ed0c8f5d7b00b4c718fd834e96efdd7e_53f1445a9f28799a32ea55f046319fc3fc0_96x96.jpg?1708076137,Crystal,66,0,UNK
Ruglia Obrien,1099057,38,33,Masamune,Mana,1706,0,9fd45de12b0555b6eec1eda137762381_134930215abb8a90ec37d6cc05b05e08fc0_96x96.jpg?1708077568,Crystal,262,5,UNK
Kotori Aki,23311202,39,34,Chocobo,Mana,1697,0,387873df71b58fe97fdaf2ae3e4f285b_781d6b3603312f6be41670afa37282e0fc0_96x96.jpg?1708076769,Crystal,209,12,UNK
Poko Nya,47840132,40,35,Pandaemonium,Mana,1697,0,ab4edf0157c0a2fa2fd6db34b9367e28_470db1bf2e865f9130531fea40b61ee4fc0_96x96.jpg?1708076337,Crystal,86,0,UNK
Kuroi Usagi,24933017,41,36,Hades,Mana,1696,0,1e59f78985ac49293a05583249a083e7_a4730651230dd43cb129562a30d531aefc0_96x96.jpg?1708077603,Crystal,78,6,UNK
Yagi Sann,51165622,42,44,Asura,Mana,1694,98,b594598526e059344b94c4dd83a935b6_53f1445a9f28799a32ea55f046319fc3fc0_96x96.jpg?1708077203,Crystal,91,8,UNK
Hiro Mol,1100718,43,37,Masamune,Mana,1691,0,a9b72e35f976cefdc7b62a5af94d5d36_134930215abb8a90ec37d6cc05b05e08fc0_96x96.jpg?1708076810,Crystal,244,3,UNK
Tirumu Pirumu,31090405,44,38,Anima,Mana,1691,0,24135dbec64e2f95240873c43ad18659_2f698530a28d671d20278c8518c804c9fc0_96x96.jpg?1708076802,Crystal,46,0,UNK
Flavia Saurva,29364722,45,63,Chocobo,Mana,1689,294,4a9b8d9e5f338a0c28625b5656567941_781d6b3603312f6be41670afa37282e0fc0_96x96.jpg?1708077945,Crystal,49,3,UNK
Xi Jumbo,51187315,46,57,Anima,Mana,1679,193,629751ae1b3ba8bb21d05e00be53d005_2f698530a28d671d20278c8518c804c9fc0_96x96.jpg?1708079372,Crystal,79,2,UNK
Goron Boulder,2193338,47,39,Anima,Mana,1676,0,c11ca0794b3525ce015fd94f9682f169_2f698530a28d671d20278c8518c804c9fc0_96x96.jpg?1708079476,Crystal,251,0,UNK
Flame Lieutenant,26871809,48,41,Pandaemonium,Mana,1600,0,d21a7b87db524f1cd55230e42b25e8f8_470db1bf2e865f9130531fea40b61ee4fc0_96x96.jpg?1708076733,Crystal,63,0,UNK
Nono Little,28320029,49,76,Hades,Mana,1590,301,e2618ec763a1f62754adaf135eeb8e0a_a4730651230dd43cb129562a30d531aefc0_96x96.jpg?1708076233,Crystal,60,13,UNK
Nono Chip,17648169,50,56,Hades,Mana,1590,103,9cc9a5ae068a2d0d8ba451bee581b4e1_a4730651230dd43cb129562a30d531aefc0_96x96.jpg?1708076957,Crystal,53,3,UNK
G'fangirl Dos,51159265,51,46,Pandaemonium,Mana,1586,0,c15aafb6722590ece37cdb16d8e097b2_470db1bf2e865f9130531fea40b61ee4fc0_96x96.jpg?1708077788,Crystal,92,0,UNK
Mame Poporu,22836070,52,47,Ixion,Mana,1586,0,a886d90317b0e4205db7046757e57e53_7126768d768f6c6c7fed3eaee98c3a8afc0_96x96.jpg?1708076587,Crystal,34,0,UNK
Luna Lune,39697238,53,48,Chocobo,Mana,1563,0,a0a54f0e2262537527fcb41fe4db3cc0_781d6b3603312f6be41670afa37282e0fc0_96x96.jpg?1708077657,Crystal,73,0,UNK
Piccolo Saaaaann,23336998,54,49,Asura,Mana,1553,0,efa27fc6ea5fa0a09f429159c3346a0f_53f1445a9f28799a32ea55f046319fc3fc0_96x96.jpg?1708077126,Crystal,250,10,UNK
Warabi Taro,3930926,55,50,Chocobo,Mana,1525,0,31d212c5602873cad51c02ca3a1707f4_781d6b3603312f6be41670afa37282e0fc0_96x96.jpg?1708076960,Crystal,47,0,UNK
Zero No'name,24180515,56,51,Titan,Mana,1503,0,3f2ec2a99605ed4d05ef0e5bc0f3b8d4_e2bb3f9679fec6d4836fcf8abcc3eeacfc0_96x96.jpg?1708078770,Crystal,90,0,UNK
Hashimoto Rikizoku-hd,4018467,57,52,Chocobo,Mana,1496,0,fd7b2d1bf7892c2948e37db9d69dd592_781d6b3603312f6be41670afa37282e0fc0_96x96.jpg?1708077710,Crystal,34,0,UNK
Hiyori Shiraishi,24817156,58,74,Asura,Mana,1493,203,3691687daa3f491ec2fc2261c2181001_53f1445a9f28799a32ea55f046319fc3fc0_96x96.jpg?1708077551,Crystal,85,6,UNK
Yuura Chigasaki,51284891,59,53,Asura,Mana,1490,0,3a04ff8ed5f25cd7c163ef0cb0816a47_53f1445a9f28799a32ea55f046319fc3fc0_96x96.jpg?1708079552,Crystal,83,0,UNK
Nanasia Plum,21652201,60,54,Hades,Mana,1489,0,cf3c8499db7367663dbd8986b8c2d69d_a4730651230dd43cb129562a30d531aefc0_96x96.jpg?1708076303,Crystal,73,0,UNK
Asth Galleria,5330266,61,55,Pandaemonium,Mana,1488,0,69f14cfe9aed20abab40d9c371b581d9_470db1bf2e865f9130531fea40b61ee4fc0_96x96.jpg?1708076189,Crystal,123,0,UNK
Fluct Light,9711515,62,64,Chocobo,Mana,1485,92,556d163c065d0f652f21d55722bf20cf_781d6b3603312f6be41670afa37282e0fc0_96x96.jpg?1708078217,Crystal,57,6,UNK
Karubi Hime,51191293,63,68,Pandaemonium,Mana,1484,106,16ffaf58867e36bbf1e5978779a408d8_470db1bf2e865f9130531fea40b61ee4fc0_96x96.jpg?1708076208,Crystal,147,4,UNK
Elisa Wolframite,18964939,64,67,Hades,Mana,1478,99,5582934bb6b94d50874d7d241225aa74_a4730651230dd43cb129562a30d531aefc0_96x96.jpg?1708077183,Crystal,141,1,UNK
Si Lin,47055637,65,58,Titan,Mana,1477,0,479c00f10ba3a5071a7cc4a6d4716d20_e2bb3f9679fec6d4836fcf8abcc3eeacfc0_96x96.jpg?1708079163,Crystal,62,0,UNK
Lacrima Rosenkranz,47763779,66,71,Pandaemonium,Mana,1430,132,397813023a35c430669e537f0349d912_470db1bf2e865f9130531fea40b61ee4fc0_96x96.jpg?1708076196,Crystal,360,20,UNK
Strawberry Cream,32080888,67,59,Chocobo,Mana,1424,0,e296826feed7d036943440fece959712_781d6b3603312f6be41670afa37282e0fc0_96x96.jpg?1708076395,Crystal,110,0,UNK
Erik Bural,20508529,68,60,Hades,Mana,1420,0,2ca5bed0ca0e49f68c7ca14062e0bacc_a4730651230dd43cb129562a30d531aefc0_96x96.jpg?1708076001,Crystal,254,0,UNK
Dr Ghost,51193304,69,61,Ixion,Mana,1405,0,0c9c4a96d0c5462f62ad97feb70e7de7_7126768d768f6c6c7fed3eaee98c3a8afc0_96x96.jpg?1708075971,Crystal,153,7,UNK
Tiger Rutata,23825437,70,62,Asura,Mana,1401,0,a69a7fd0c20bbbd51ddf7cc27af7921e_53f1445a9f28799a32ea55f046319fc3fc0_96x96.jpg?1708076692,Crystal,180,0,UNK
Liberal Agate,8600894,71,65,Chocobo,Mana,1383,0,3aa0f5814f4f0ddb1ad01275253982bc_781d6b3603312f6be41670afa37282e0fc0_96x96.jpg?1708077031,Crystal,30,0,UNK
Anne Tailor,47710174,72,66,Hades,Mana,1380,0,93cf32c74dd0e5e338759be2170de5c8_a4730651230dd43cb129562a30d531aefc0_96x96.jpg?1708075998,Crystal,183,8,UNK
Semih Raviravi,44980977,73,69,Hades,Mana,1303,0,d31317bae694f497c5d96102829582fe_a4730651230dd43cb129562a30d531aefc0_96x96.jpg?1708076059,Crystal,146,0,UNK
Aki Lucianna,3249006,74,83,Chocobo,Mana,1302,107,4c1b4453e5389ba0269b4c0343c014df_781d6b3603312f6be41670afa37282e0fc0_96x96.jpg?1708078881,Crystal,83,6,UNK
Lea Cesare,34987504,75,70,Asura,Mana,1301,0,e20900accc8d19ea4cadcfd64bff776f_53f1445a9f28799a32ea55f046319fc3fc0_96x96.jpg?1708078754,Crystal,119,0,UNK
Kure Basu,37954762,76,72,Asura,Mana,1296,0,0657c2d18d0a4153ed0c75b9c7f655c0_53f1445a9f28799a32ea55f046319fc3fc0_96x96.jpg?1708076592,Crystal,81,0,UNK
Piche Momo,20111261,77,73,Chocobo,Mana,1294,0,deb1e38d270f42e4472ec179c60a8aae_781d6b3603312f6be41670afa37282e0fc0_96x96.jpg?1708077039,Crystal,80,0,UNK
Mei Mei',37701772,78,75,Chocobo,Mana,1290,0,6556e8c3419560ebdea0a25201d43122_781d6b3603312f6be41670afa37282e0fc0_96x96.jpg?1708076005,Crystal,74,0,UNK
Hachi Ware,27482437,79,0,Hades,Mana,1286,784,1af1be4bb4706b8183d67ac11741b633_a4730651230dd43cb129562a30d531aefc0_96x96.jpg?1708078372,Crystal,67,19,UNK
Yumegiwa Lastboy,4510539,80,77,Pandaemonium,Mana,1283,0,3179d2e7303ad3837054b0c796af5831_470db1bf2e865f9130531fea40b61ee4fc0_96x96.jpg?1708079015,Crystal,76,0,UNK
Aria Noel,1030539,81,78,Anima,Mana,1270,0,c643f10c86a1dec8fe0358a24454dab6_2f698530a28d671d20278c8518c804c9fc0_96x96.jpg?1708078692,Crystal,101,0,UNK
Umi Angel,21399479,82,79,Chocobo,Mana,1263,0,4ff8c8053f5bda9f0441cc083fc0dcff_781d6b3603312f6be41670afa37282e0fc0_96x96.jpg?1708078681,Crystal,137,3,UNK
Hime Cat,5343193,83,80,Anima,Mana,1228,0,ca9ba375bc2dc2d3a743253448109c5b_2f698530a28d671d20278c8518c804c9fc0_96x96.jpg?1708079475,Crystal,256,0,UNK
Ciel Cocco,27192023,84,81,Titan,Mana,1218,0,05df3829299dc9e3c4ba0bceb512525a_e2bb3f9679fec6d4836fcf8abcc3eeacfc0_96x96.jpg?1708078287,Crystal,128,12,UNK
Nana Degu,42551273,85,82,Asura,Mana,1207,0,f0ca36e4824faa31992738bb368e803c_53f1445a9f28799a32ea55f046319fc3fc0_96x96.jpg?1708077307,Crystal,61,0,UNK
Linear Light,40624602,86,85,Chocobo,Mana,1194,0,22d0e20de6f02179fa4500a343e2e424_781d6b3603312f6be41670afa37282e0fc0_96x96.jpg?1708077939,Crystal,75,8,UNK
Minakata Hizuru,43607574,87,84,Asura,Mana,1194,0,c643bef2054864acc9402fec1253a6fd_53f1445a9f28799a32ea55f046319fc3fc0_96x96.jpg?1708076406,Crystal,69,0,UNK
Vera Quartz,35326925,88,86,Ixion,Mana,1192,0,be3faed429fa83886122e306ea2a9af6_7126768d768f6c6c7fed3eaee98c3a8afc0_96x96.jpg?1708078479,Crystal,34,1,UNK
Jiji Yama,51530269,89,87,Asura,Mana,1189,0,0e7ccbb82925a3e8a8050a6b1678adee_53f1445a9f28799a32ea55f046319fc3fc0_96x96.jpg?1708076307,Crystal,92,0,UNK
Comachi Dj,13425678,90,88,Hades,Mana,1188,0,4983bf5b31ed2764865b5fd4a01a64a5_a4730651230dd43cb129562a30d531aefc0_96x96.jpg?1708079201,Crystal,281,14,UNK
Giga Mara,30656101,91,89,Ixion,Mana,1188,0,cd929d810b003c6c05c6f71497a0647f_7126768d768f6c6c7fed3eaee98c3a8afc0_96x96.jpg?1708079405,Crystal,30,0,UNK
Odatti Roadknight,17736264,92,90,Hades,Mana,1184,0,60854fb17a2edb7bf88c2cafa068100a_a4730651230dd43cb129562a30d531aefc0_96x96.jpg?1708078649,Crystal,247,5,UNK
King Leo,28605451,93,91,Anima,Mana,1119,0,45223a6a86f3cd05e911bc9272d5ab66_2f698530a28d671d20278c8518c804c9fc0_96x96.jpg?1708078690,Crystal,52,0,UNK
Noin Kurial,23981966,94,0,Asura,Mana,1117,195,83830f722858537d3bbdd6afabacaa3d_53f1445a9f28799a32ea55f046319fc3fc0_96x96.jpg?1708076203,Crystal,46,5,UNK
Erisure Jp,24687005,95,92,Anima,Mana,1115,0,d78ab2954bc4b92e6499b09bec1ce7fb_2f698530a28d671d20278c8518c804c9fc0_96x96.jpg?1708075968,Crystal,89,0,UNK
Discavari Malt,3264988,96,93,Hades,Mana,1105,0,1120f3490bce9e6aee54d34134635521_a4730651230dd43cb129562a30d531aefc0_96x96.jpg?1708078863,Crystal,223,0,UNK
Vui Lookup,10671435,97,94,Masamune,Mana,1105,0,ebe5fca7e83af1084b69f35de2ed0b25_134930215abb8a90ec37d6cc05b05e08fc0_96x96.jpg?1708077560,Crystal,128,13,UNK
Mau Hokulele,24738845,98,95,Hades,Mana,1098,0,313f0181b6b7059e37978cfafef967f5_a4730651230dd43cb129562a30d531aefc0_96x96.jpg?1708079476,Crystal,53,0,UNK
Nasia Avenger,5032028,99,96,Chocobo,Mana,1098,0,eab64889b3d0fa4f581e5aefe4edd86d_781d6b3603312f6be41670afa37282e0fc0_96x96.jpg?1708078017,Crystal,48,0,UNK
Poni Kone,13307902,100,97,Hades,Mana,1092,0,3563092bda3efd82e9babb6f8817d445_a4730651230dd43cb129562a30d531aefc0_96x96.jpg?1708077122,Crystal,170,10,UNK
Jiraiya Sannin,47974804,1,0,Ravana,Materia,0,0,6a5cc312529bc78b7d0bbbf5f41983af_2f53b2675d3eea360f0b48d74d30af15fc0_96x96.jpg?1708076597,Diamond,13,0,UNK
Shiki Hime,41619079,2,0,Sophia,Materia,0,0,e0f33871fdd9bcb0012cace0f140b504_ba15a18cd3a8fb567e39053022515eb6fc0_96x96.jpg?1708077418,Diamond,9,0,UNK
Oikawa Toru,41683087,3,0,Sophia,Materia,0,0,d5a01df2a5efad3e7025186928c8a8cd_ba15a18cd3a8fb567e39053022515eb6fc0_96x96.jpg?1708078409,Platinum,12,0,UNK
Rose Helena,31006550,4,0,Ravana,Materia,0,0,8efcfa96aae2d3452543823a2efc024d_2f53b2675d3eea360f0b48d74d30af15fc0_96x96.jpg?1708077961,Platinum,40,0,UNK
Kikibin Kibin,44004563,5,0,Sephirot,Materia,0,0,e1a85bb82f3b349ac13d9e44c7eaab1a_30a5f9eadea6e0cb684a5265362d0d59fc0_96x96.jpg?1708076234,Platinum,27,0,UNK
Sonny Morning,45031820,6,0,Ravana,Materia,0,0,f8fd4fd3de80787333db28f1d9c9f0c4_2f53b2675d3eea360f0b48d74d30af15fc0_96x96.jpg?1708077619,Platinum,14,0,UNK
Tater Totski,26409961,7,0,Ravana,Materia,0,0,d304cb9f405fc00129224b2e2fcfc2d8_2f53b2675d3eea360f0b48d74d30af15fc0_96x96.jpg?1708076713,Platinum,5,0,UNK
Kokushi Musou,43900681,8,0,Sephirot,Materia,0,0,ef26e880ecc737f84327157d75986956_30a5f9eadea6e0cb684a5265362d0d59fc0_96x96.jpg?1708077596,Platinum,10,0,UNK
Hi Me,42843542,9,0,Sophia,Materia,0,0,7438c85b4884151c4909b6c2b7b38fe6_ba15a18cd3a8fb567e39053022515eb6fc0_96x96.jpg?1708075977,Platinum,9,0,UNK
Samara Glazghotwyn,40818042,10,0,Sephirot,Materia,0,0,d89bdc111b4127d9f80e3d6a0ed3a55b_30a5f9eadea6e0cb684a5265362d0d59fc0_96x96.jpg?1708077160,Platinum,8,0,UNK
Lupercal Aurelian,37936946,11,0,Ravana,Materia,0,0,93674d47ae679f2b2191e0d82e33123f_2f53b2675d3eea360f0b48d74d30af15fc0_96x96.jpg?1708076604,Platinum,3,0,UNK
Oikawa Tobio,35107162,12,0,Sophia,Materia,0,0,1b5b29de74c3f0365af07795a407c535_ba15a18cd3a8fb567e39053022515eb6fc0_96x96.jpg?1708077319,Platinum,5,0,UNK
Australian Painter,44385598,13,0,Sephirot,Materia,0,0,aafd406bcd163c610e36b468f545a641_30a5f9eadea6e0cb684a5265362d0d59fc0_96x96.jpg?1708079289,Platinum,33,0,UNK
Awayi Soleil,40986096,14,0,Zurvan,Materia,0,0,c84676ef434b75aec3260707fcad3d8a_1fa3a1b3845481a1b67b46854a3cc49afc0_96x96.jpg?1708076614,Platinum,30,0,UNK
Tanya Lightheart,49234460,15,0,Ravana,Materia,0,0,91094b0018ea91f6234950b687dfde9a_2f53b2675d3eea360f0b48d74d30af15fc0_96x96.jpg?1708077490,Platinum,16,0,UNK
Seal Rock,29463992,16,0,Ravana,Materia,0,0,ebbb4f8957c4d3da4ed4d5be3031ec00_2f53b2675d3eea360f0b48d74d30af15fc0_96x96.jpg?1708078973,Platinum,9,0,UNK
Ashmi Rae,18364101,17,0,Bismarck,Materia,0,0,2b3a41d227e2937852d5c1e031d5aba0_36f0570990ac5402b2ef514d36b0435cfc0_96x96.jpg?1708077332,Platinum,6,0,UNK
Disco Knees,36101852,18,0,Sophia,Materia,0,0,48d0a8dae7efe9ad10780f28920a969b_ba15a18cd3a8fb567e39053022515eb6fc0_96x96.jpg?1708079049,Platinum,2,0,UNK
Tomen Xon,25273044,19,0,Sephirot,Materia,0,0,f651b4b6392a09cd8111614ac8634cec_30a5f9eadea6e0cb684a5265362d0d59fc0_96x96.jpg?1708078870,Platinum,17,0,UNK
Xavier Nightingale,35313794,19,0,Ravana,Materia,0,0,c741fb155ef5539799184eb693379d5c_2f53b2675d3eea360f0b48d74d30af15fc0_96x96.jpg?1708079489,Platinum,17,0,UNK
Punished Moose,38481026,21,0,Ravana,Materia,0,0,b64944634c218bab2bb92e4c71b6602a_2f53b2675d3eea360f0b48d74d30af15fc0_96x96.jpg?1708079433,Platinum,14,0,UNK
Anya Ayase,35377758,22,0,Ravana,Materia,0,0,180ec7f74b417aeed2b2548e9088167d_2f53b2675d3eea360f0b48d74d30af15fc0_96x96.jpg?1708079023,Platinum,9,0,UNK
Huchu Hu,30095044,23,0,Sophia,Materia,0,0,de87e6f191a118aa13cbc404a0fd20db_ba15a18cd3a8fb567e39053022515eb6fc0_96x96.jpg?1708076053,Platinum,8,0,UNK
Katsu Tonkatsu,39589632,24,0,Sophia,Materia,0,0,59d49cd6e8d7d62600fc3d6493244b13_ba15a18cd3a8fb567e39053022515eb6fc0_96x96.jpg?1708078496,Platinum,1,0,UNK
Colgate Advanced,41783581,25,0,Ravana,Materia,0,0,4d7cd9dd2f5009da66d1cd2eced8f583_2f53b2675d3eea360f0b48d74d30af15fc0_96x96.jpg?1708079302,Gold,74,0,UNK
Saran Kagon,39024611,26,0,Ravana,Materia,0,0,5ced2428f214f74a0214c0ab70f765dc_2f53b2675d3eea360f0b48d74d30af15fc0_96x96.jpg?1708076149,Gold,29,0,UNK
Death Bringer,42589754,27,0,Sophia,Materia,0,0,605c543ad4053338807ead77553c263b_ba15a18cd3a8fb567e39053022515eb6fc0_96x96.jpg?1708079441,Gold,13,0,UNK
If'coverd Pls'use'pot,49819474,28,0,Sophia,Materia,0,0,019eb20f89b4bda638f38d669e15d62d_ba15a18cd3a8fb567e39053022515eb6fc0_96x96.jpg?1708079409,Gold,32,0,UNK
Infernal Ised,37590890,29,0,Ravana,Materia,0,0,499f8c5c268785a30f7c3e6e60b2bed8_2f53b2675d3eea360f0b48d74d30af15fc0_96x96.jpg?1708078486,Gold,20,0,UNK
Status Quo,42922141,30,0,Sophia,Materia,0,0,305fe474aa57d53947bca54ab5421386_ba15a18cd3a8fb567e39053022515eb6fc0_96x96.jpg?1708079386,Gold,14,0,UNK
Tanya Darkheart,50281364,31,0,Sophia,Materia,0,0,9f303a00a68c1d965d4c77fd01d1c6dd_ba15a18cd3a8fb567e39053022515eb6fc0_96x96.jpg?1708078590,Gold,11,0,UNK
Fullbuster Sesshomaru,48191459,32,0,Sephirot,Materia,0,0,19430a8de088b206fbbf50356e1478f6_30a5f9eadea6e0cb684a5265362d0d59fc0_96x96.jpg?1708076351,Gold,10,0,UNK
Itlum-nam Eelem'ii,22346054,33,0,Sephirot,Materia,0,0,f34f94fa2a78eea510c25c20241b07dd_30a5f9eadea6e0cb684a5265362d0d59fc0_96x96.jpg?1708077331,Gold,4,0,UNK
Jena Kuwahara,28003546,34,0,Ravana,Materia,0,0,5bacb190ffd91b392df04923b13fa29a_2f53b2675d3eea360f0b48d74d30af15fc0_96x96.jpg?1708076076,Gold,41,0,UNK
Goldrush Glimmer,14681732,35,0,Sephirot,Materia,0,0,544e66e3d8a08ab00b56a3d16def7e4e_30a5f9eadea6e0cb684a5265362d0d59fc0_96x96.jpg?1708079434,Gold,37,0,UNK
Roblox Enjoyer,41701969,36,0,Ravana,Materia,0,0,c44bb4e7ba58c79ac5f9d7667a823e40_2f53b2675d3eea360f0b48d74d30af15fc0_96x96.jpg?1708075995,Gold,27,0,UNK
Lillia Valence,39588440,37,0,Sophia,Materia,0,0,d433f64767950005305c8f75accd19e2_ba15a18cd3a8fb567e39053022515eb6fc0_96x96.jpg?1708079415,Gold,25,0,UNK
Elanor Trevelyan,10462633,38,0,Zurvan,Materia,0,0,349b1582fc81c3b5ee523727e29f139e_1fa3a1b3845481a1b67b46854a3cc49afc0_96x96.jpg?1708078217,Gold,36,0,UNK
Razette Vena,41692807,39,0,Sephirot,Materia,0,0,de8aa5850c68b9989dbc95586a9c2420_30a5f9eadea6e0cb684a5265362d0d59fc0_96x96.jpg?1708078316,Gold,31,0,UNK
Long Mog,33214885,40,0,Bismarck,Materia,0,0,642c435cfb56d63f9d57faeafe3eb2e9_36f0570990ac5402b2ef514d36b0435cfc0_96x96.jpg?1708078235,Gold,21,0,UNK
Valya Dream,36468496,41,0,Sophia,Materia,0,0,18a08ff1744351493a5bbc6c182e4baf_ba15a18cd3a8fb567e39053022515eb6fc0_96x96.jpg?1708077500,Gold,37,0,UNK
Sana Miyata,34196273,42,0,Ravana,Materia,0,0,4a94c0f8b59e635e8748a32f11cc42f8_2f53b2675d3eea360f0b48d74d30af15fc0_96x96.jpg?1708078762,Gold,19,0,UNK
Nira Jankerton,46858520,43,0,Sephirot,Materia,0,0,e35cd6185bc1960ad4524c5f3c2ebe81_30a5f9eadea6e0cb684a5265362d0d59fc0_96x96.jpg?1708076426,Gold,13,0,UNK
Cinnamo Roll,30837896,44,0,Sophia,Materia,0,0,775ecb2e36f9d66684701009289a3a52_ba15a18cd3a8fb567e39053022515eb6fc0_96x96.jpg?1708076411,Gold,10,0,UNK
Coffee Lover,50333621,45,0,Sophia,Materia,0,0,3c4552eb56bfb14f36d9b512873eac0d_ba15a18cd3a8fb567e39053022515eb6fc0_96x96.jpg?1708078331,Gold,59,0,UNK
Crimson Fisher,31539896,46,0,Ravana,Materia,0,0,22e6fe84a85c1b7510a61d8152c8408e_2f53b2675d3eea360f0b48d74d30af15fc0_96x96.jpg?1708079401,Gold,39,0,UNK
Lord Singhkha,18678679,47,0,Sophia,Materia,0,0,5669f82443fc0f93d0a1197f10c23b1e_ba15a18cd3a8fb567e39053022515eb6fc0_96x96.jpg?1708076981,Gold,37,0,UNK
Push'the' Crystal,47524571,48,0,Ravana,Materia,0,0,89442df1e1c326ecea0c55eaed93b8f1_2f53b2675d3eea360f0b48d74d30af15fc0_96x96.jpg?1708077945,Gold,20,0,UNK
Nice Job,47828326,49,0,Ravana,Materia,0,0,4291916808818e5e789a820645ac0e72_2f53b2675d3eea360f0b48d74d30af15fc0_96x96.jpg?1708078584,Gold,18,0,UNK
Everly Estelle,49992081,50,0,Zurvan,Materia,0,0,6414dba97639e12112141990a9410572_1fa3a1b3845481a1b67b46854a3cc49afc0_96x96.jpg?1708076890,Gold,13,0,UNK
Daeneris Stormborn,17816677,51,0,Zurvan,Materia,0,0,dd3c1f830e92ca4f902d42575517a37d_1fa3a1b3845481a1b67b46854a3cc49afc0_96x96.jpg?1708078971,Gold,48,0,UNK
Senna Miro,41813292,52,0,Sophia,Materia,0,0,1e0b8b3d565cd4bfb1a3ba8a50b520bf_ba15a18cd3a8fb567e39053022515eb6fc0_96x96.jpg?1708079312,Gold,20,0,UNK
Boss Clock,7454011,53,0,Ravana,Materia,0,0,6b3ce315a8da83d5c70cbea0fbc71923_2f53b2675d3eea360f0b48d74d30af15fc0_96x96.jpg?1708079135,Gold,49,0,UNK
Nessa Goddessly,3825260,54,0,Ravana,Materia,0,0,f2a934f3d027810294dffc266c94a02f_2f53b2675d3eea360f0b48d74d30af15fc0_96x96.jpg?1708078576,Gold,18,0,UNK
Renault Lazarus,36937909,55,0,Sophia,Materia,0,0,41df5e5ef7f17562eab5d2f83e2f62c3_ba15a18cd3a8fb567e39053022515eb6fc0_96x96.jpg?1708077259,Gold,17,0,UNK
Horus Leonhart,45233151,56,0,Sephirot,Materia,0,0,5dd2d3634997b4bd5d8121d26a3184bc_30a5f9eadea6e0cb684a5265362d0d59fc0_96x96.jpg?1708078868,Gold,34,0,UNK
Shizuko Sakura,50518448,57,0,Sephirot,Materia,0,0,a29a770d35f4025323080d044529b018_30a5f9eadea6e0cb684a5265362d0d59fc0_96x96.jpg?1708076021,Gold,27,0,UNK
Damp Toe,13310786,58,0,Sephirot,Materia,0,0,e9d84c4068797bc6040ba7e4c06d6712_30a5f9eadea6e0cb684a5265362d0d59fc0_96x96.jpg?1708076872,Gold,23,0,UNK
Khasar Kagon,35878782,59,0,Ravana,Materia,0,0,4ad651af4c7789d367c9b6b24af03621_2f53b2675d3eea360f0b48d74d30af15fc0_96x96.jpg?1708078762,Gold,21,0,UNK
Ayame Rose,48174112,60,0,Sophia,Materia,0,0,90a279de64a66213d1b134c43e9d6e70_ba15a18cd3a8fb567e39053022515eb6fc0_96x96.jpg?1708077881,Gold,18,0,UNK
Loloza Loza,40939529,61,0,Ravana,Materia,0,0,f62e9fad1820532c3c830374550e2e29_2f53b2675d3eea360f0b48d74d30af15fc0_96x96.jpg?1708078214,Gold,8,0,UNK
Smiley Face,41699217,62,0,Ravana,Materia,0,0,9c750acdbd50585f63ffea631387f3ea_2f53b2675d3eea360f0b48d74d30af15fc0_96x96.jpg?1708078499,Gold,4,0,UNK
Cenzuo Valentine,39186489,63,0,Sophia,Materia,0,0,b8ed52cb12c4616551fa7327a48ec8fc_ba15a18cd3a8fb567e39053022515eb6fc0_96x96.jpg?1708079309,Silver,19,0,UNK
Mike Tyson,51242378,64,0,Ravana,Materia,0,0,2936bc60c6450cb44b1742db9925666a_2f53b2675d3eea360f0b48d74d30af15fc0_96x96.jpg?1708078428,Silver,17,0,UNK
Lovex Lazil,10682526,65,0,Ravana,Materia,0,0,01d3ecc4100fa1bd3fb9248048ccd9f2_2f53b2675d3eea360f0b48d74d30af15fc0_96x96.jpg?1708078596,Silver,7,0,UNK
Ichijiro Yamada,36127691,66,0,Sephirot,Materia,0,0,f39e69adcf7734b0a69c586870bf7f99_30a5f9eadea6e0cb684a5265362d0d59fc0_96x96.jpg?1708077694,Silver,6,0,UNK
Raven Elie,51246822,67,0,Ravana,Materia,0,0,5f6172918ac3e67d8b28cf724f2701f9_2f53b2675d3eea360f0b48d74d30af15fc0_96x96.jpg?1708076690,Silver,43,0,UNK
Louis Stalwart,7342556,68,0,Zurvan,Materia,0,0,6a5b93913a33dbda2f866b86332047e6_1fa3a1b3845481a1b67b46854a3cc49afc0_96x96.jpg?1708078485,Silver,34,0,UNK
Iron Wang,45847491,69,0,Bismarck,Materia,0,0,4f84d340f93a90548965a2f731ba0d58_36f0570990ac5402b2ef514d36b0435cfc0_96x96.jpg?1708077626,Silver,14,0,UNK
Delete Pvp,47301587,70,0,Ravana,Materia,0,0,8e87b89b79b676fa65fae7997dec7b0e_2f53b2675d3eea360f0b48d74d30af15fc0_96x96.jpg?1708078248,Silver,6,0,UNK
Sean Cody,742013,71,0,Bismarck,Materia,0,0,8052120d9c95523f286e6e1d1b15e5d0_36f0570990ac5402b2ef514d36b0435cfc0_96x96.jpg?1708077416,Silver,47,0,UNK
Malicious Potato,37385880,72,0,Ravana,Materia,0,0,d175d3ece950298740be0282b6b44d2d_2f53b2675d3eea360f0b48d74d30af15fc0_96x96.jpg?1708077766,Silver,6,0,UNK
Zora Mochi,42187460,73,0,Ravana,Materia,0,0,15ade2354dbe340dace4cab6139df5c0_2f53b2675d3eea360f0b48d74d30af15fc0_96x96.jpg?1708077496,Silver,3,0,UNK
Fabzy Wabzy,36982941,74,0,Sophia,Materia,0,0,cd0aeb82e45c2474bb659277fc1a3713_ba15a18cd3a8fb567e39053022515eb6fc0_96x96.jpg?1708079026,Silver,18,0,UNK
Sturgill Childers,36093857,75,0,Zurvan,Materia,0,0,b17f93e3a673607385d42cd051b38bf0_1fa3a1b3845481a1b67b46854a3cc49afc0_96x96.jpg?1708076960,Silver,4,0,UNK
Game Journalist,41696786,76,0,Ravana,Materia,0,0,33b061b5be42098a6e412e95f692b7d3_2f53b2675d3eea360f0b48d74d30af15fc0_96x96.jpg?1708076683,Silver,3,0,UNK
Tristan Tate,50057645,77,0,Zurvan,Materia,0,0,d973bda9d95cebc4f0e8fe5d68896b7a_1fa3a1b3845481a1b67b46854a3cc49afc0_96x96.jpg?1708078876,Silver,2,0,UNK
Rumi Orimura,14504199,78,0,Ravana,Materia,0,0,02320dea1ef590d7d749a3f95356b858_2f53b2675d3eea360f0b48d74d30af15fc0_96x96.jpg?1708078953,Silver,1,0,UNK
Mihri Shahrazad,36033100,79,0,Ravana,Materia,0,0,43db4ab7da580790f898ca7bffccc09c_2f53b2675d3eea360f0b48d74d30af15fc0_96x96.jpg?1708076080,Silver,20,0,UNK
Black Rein,39448197,80,0,Ravana,Materia,0,0,44acd1622d0543cebe5c6fb4c1af46bf_2f53b2675d3eea360f0b48d74d30af15fc0_96x96.jpg?1708079410,Silver,4,0,UNK
Jupiter Invictus,38386883,81,0,Sophia,Materia,0,0,4e31f5bab902a16bb63687ab96095d06_ba15a18cd3a8fb567e39053022515eb6fc0_96x96.jpg?1708077315,Silver,26,0,UNK
Magnes Time,29828037,82,0,Bismarck,Materia,0,0,5a9547fc45f9ba690b98a3c0f4b7c0ab_36f0570990ac5402b2ef514d36b0435cfc0_96x96.jpg?1708077948,Silver,23,0,UNK
X'raemha Pahlo,40623929,83,0,Bismarck,Materia,0,0,00845fd9b9b3775477aa799b25db5bd8_36f0570990ac5402b2ef514d36b0435cfc0_96x96.jpg?1708076973,Silver,20,0,UNK
Lucius Mercer,50835665,84,0,Sophia,Materia,0,0,016dec31a9c36837f12e30381a89431c_ba15a18cd3a8fb567e39053022515eb6fc0_96x96.jpg?1708077411,Silver,23,0,UNK
Talla Khen,8350017,85,0,Sophia,Materia,0,0,f4ab158a497845a6b0c4074ac367dccc_ba15a18cd3a8fb567e39053022515eb6fc0_96x96.jpg?1708078506,Silver,18,0,UNK
Sili Sili,40071897,86,0,Ravana,Materia,0,0,bdc8a05cbc8fc4fb37c06456cbf35514_2f53b2675d3eea360f0b48d74d30af15fc0_96x96.jpg?1708077782,Silver,8,0,UNK
Naya Viras,30113697,87,0,Zurvan,Materia,0,0,d48edecd9135288124f84783e9a28790_1fa3a1b3845481a1b67b46854a3cc49afc0_96x96.jpg?1708078764,Silver,3,0,UNK
Creature Conflict,41744155,88,0,Ravana,Materia,0,0,22b4bc0016de9cd303fa1943d30cb127_2f53b2675d3eea360f0b48d74d30af15fc0_96x96.jpg?1708079480,Silver,0,0,UNK
Glynnis Southway,13453435,89,0,Sophia,Materia,0,0,c32a28546549633728f44b3be485bce2_ba15a18cd3a8fb567e39053022515eb6fc0_96x96.jpg?1708079562,Bronze,54,0,UNK
Cally Canti,28233587,90,0,Ravana,Materia,0,0,0d9bcb0872ff3fb4fad6e871ab8ea6be_2f53b2675d3eea360f0b48d74d30af15fc0_96x96.jpg?1708076248,Bronze,20,0,UNK
Luke Atmyas,42865438,91,0,Sephirot,Materia,0,0,7effe5f703287e2a4ec73ca6933bc112_30a5f9eadea6e0cb684a5265362d0d59fc0_96x96.jpg?1708076700,Bronze,12,0,UNK
Thomas Chicken,9608047,92,0,Sephirot,Materia,0,0,65834dba647f975a119ebbc04baff3b5_30a5f9eadea6e0cb684a5265362d0d59fc0_96x96.jpg?1708078574,Bronze,11,0,UNK
Lalane Lane,41685491,93,0,Sophia,Materia,0,0,cbe239ca45b683cbce68cfdf2bc15ba0_ba15a18cd3a8fb567e39053022515eb6fc0_96x96.jpg?1708078677,Bronze,10,0,UNK
Demos Sylvanti,28478671,94,0,Ravana,Materia,0,0,296a3463cf66e668e3df1f566916dfe3_2f53b2675d3eea360f0b48d74d30af15fc0_96x96.jpg?1708078524,Bronze,7,0,UNK
Wilba Wild,36731558,94,0,Bismarck,Materia,0,0,a9ce62dd705b260342e284b66cdbfc2d_36f0570990ac5402b2ef514d36b0435cfc0_96x96.jpg?1708078238,Bronze,7,0,UNK
Boby Bobooba,40551613,96,0,Ravana,Materia,0,0,37e3a93f23d8860392e3a7fbc463a22e_2f53b2675d3eea360f0b48d74d30af15fc0_96x96.jpg?1708079484,Bronze,2,0,UNK
Chappie Chap,39227279,97,0,Ravana,Materia,0,0,d29a2f45d76418754e12685fdc7ff79e_2f53b2675d3eea360f0b48d74d30af15fc0_96x96.jpg?1708077593,Bronze,9,0,UNK
I'chai Erion,25415420,98,0,Sephirot,Materia,0,0,5056c9b875b270a405542d6f6368a3bc_30a5f9eadea6e0cb684a5265362d0d59fc0_96x96.jpg?1708077877,Bronze,8,0,UNK
Lumi Chyan,35301982,99,0,Ravana,Materia,0,0,31889ad4f5480f606bac2b772417e488_2f53b2675d3eea360f0b48d74d30af15fc0_96x96.jpg?1708076959,Bronze,7,0,UNK
Anzac Fenrir,10988408,100,0,Ravana,Materia,0,0,6c7b02f93e5250249333e13f236fc545_2f53b2675d3eea360f0b48d74d30af15fc0_96x96.jpg?1708076876,Bronze,6,0,UNK
Ahri Bea,42604315,1,0,Ultros,Primal,3559,0,99498e3de5cc49aacddccc855d4ee19d_c514cdcdb619439df97d906d4434ccc6fc0_96x96.jpg?1708078353,Crystal,102,0,UNK
Usada Pekora,37421725,2,0,Leviathan,Primal,2480,0,dc85502f9baa330d5a15d3c0a6f002a0_a91aae52cff9ef65932db06b150ffd47fc0_96x96.jpg?1708077557,Crystal,124,0,UNK
World Star,24800429,3,0,Ultros,Primal,2101,0,869f85134daa62d673ea5d1c98fd5932_c514cdcdb619439df97d906d4434ccc6fc0_96x96.jpg?1708076410,Crystal,81,0,UNK
Saint Okanama,10280862,4,0,Leviathan,Primal,2080,0,0c109a9fc9759d115c5d648394f5431c_a91aae52cff9ef65932db06b150ffd47fc0_96x96.jpg?1708078529,Crystal,163,0,UNK
Kasai Kage,21886030,5,0,Ultros,Primal,1998,0,6835735c490425c8a49d6889308a3484_c514cdcdb619439df97d906d4434ccc6fc0_96x96.jpg?1708077899,Crystal,175,0,UNK
Angelus Vermillion,31312468,6,0,Ultros,Primal,1616,0,8ff76b8f991ec4b319caea8bc06a5dad_c514cdcdb619439df97d906d4434ccc6fc0_96x96.jpg?1708076059,Crystal,65,0,UNK
Koiaki Nishimon,37165464,7,0,Exodus,Primal,1594,0,030277d5215f88056127d2b9e88474e4_0cdf051c93865faa15cbc5cd3d2b69fbfc0_96x96.jpg?1708078752,Crystal,81,0,UNK
Mide Malqir,26735640,8,0,Ultros,Primal,1499,0,5df97e1cf99fbf9d5def66f19b652e55_c514cdcdb619439df97d906d4434ccc6fc0_96x96.jpg?1708076830,Crystal,114,0,UNK
Seto Mimyho,20943977,9,0,Behemoth,Primal,1431,0,e0110a23ddcddf11cb8bf1e895c56d75_be20385e18333edb329d4574f364a1f0fc0_96x96.jpg?1708079368,Crystal,101,0,UNK
Medoh Meshi,21944401,10,0,Leviathan,Primal,1419,0,02a266bab02cb503b2c17d31583c183d_a91aae52cff9ef65932db06b150ffd47fc0_96x96.jpg?1708079352,Crystal,200,0,UNK
Mavis Enyo,14769968,11,0,Excalibur,Primal,1407,0,00bced457c7cea8ae968197c61367bed_745baffc465480ed372e274d50318290fc0_96x96.jpg?1708076486,Crystal,124,0,UNK
Zypris Allsbane,13616095,12,0,Leviathan,Primal,1374,0,8194751bb802fcd9691a7ee558040836_a91aae52cff9ef65932db06b150ffd47fc0_96x96.jpg?1708076496,Crystal,117,0,UNK
Aurus Furore,37944685,13,0,Lamia,Primal,1369,0,566cde49de05878b8acb89b35e8fc52a_4d9be17b5e1edc617052b4dbf4007875fc0_96x96.jpg?1708078116,Crystal,72,0,UNK
Push'the Crystal,43900357,14,0,Hyperion,Primal,1300,0,948a1ca77d4d522940e9377629e52830_57ae9ee5592123dd79c8912bf768cf99fc0_96x96.jpg?1708076852,Crystal,37,0,UNK
Lewisia Montmorency,21726171,15,0,Leviathan,Primal,1296,0,351c30387c9048190075024c6b344ead_a91aae52cff9ef65932db06b150ffd47fc0_96x96.jpg?1708078810,Crystal,105,0,UNK
Prezzy Alro,37252044,16,0,Hyperion,Primal,1293,0,42c2b2dc417f3dd7ddb7698e71d2d2c8_57ae9ee5592123dd79c8912bf768cf99fc0_96x96.jpg?1708079254,Crystal,62,0,UNK
Ruja Thorn,8987827,17,0,Behemoth,Primal,1290,0,1d86b1a058c666576a7b9a5ddcf1b63f_be20385e18333edb329d4574f364a1f0fc0_96x96.jpg?1708078896,Crystal,142,0,UNK
Shimori Bunihara,35166011,18,0,Lamia,Primal,1203,0,c44c8fc68c230b1051ec35a527afe9ed_4d9be17b5e1edc617052b4dbf4007875fc0_96x96.jpg?1708077846,Crystal,217,0,UNK
Ais Syensu,35363502,19,0,Exodus,Primal,1202,0,6ba2d35248558bce444fe5909dde04a2_0cdf051c93865faa15cbc5cd3d2b69fbfc0_96x96.jpg?1708077669,Crystal,31,0,UNK
Mochi Cat,24750403,20,0,Behemoth,Primal,1090,0,469d4f2bc1318cdacb8a9a5f31631a93_be20385e18333edb329d4574f364a1f0fc0_96x96.jpg?1708076290,Crystal,56,0,UNK
Labrys Roux,31449732,21,0,Ultros,Primal,1083,0,b78d649d03beba97a36fa9eebc98afc4_c514cdcdb619439df97d906d4434ccc6fc0_96x96.jpg?1708076503,Crystal,64,0,UNK
Big Energy,28276994,22,0,Excalibur,Primal,1078,0,80672270fca68b3d3fa2f4c0b220427a_745baffc465480ed372e274d50318290fc0_96x96.jpg?1708076106,Crystal,43,0,UNK
Cole Xenon,37858986,23,0,Leviathan,Primal,1007,0,ead5461fd77fd6a6ba5fa813af44d484_a91aae52cff9ef65932db06b150ffd47fc0_96x96.jpg?1708078534,Crystal,181,0,UNK
Kuina Kagetsu,36802695,24,0,Ultros,Primal,1007,0,dd8ffbe11c53ea988c605c9c24157c59_c514cdcdb619439df97d906d4434ccc6fc0_96x96.jpg?1708076232,Crystal,49,0,UNK
Esper Freya,7273923,25,0,Leviathan,Primal,909,0,d93ca8af01613a4386fd6d7414ffbf32_a91aae52cff9ef65932db06b150ffd47fc0_96x96.jpg?1708077115,Crystal,64,0,UNK
Ellie Meeps,36047772,26,0,Lamia,Primal,895,0,5075b5b323ed5910f6ab59867119b460_4d9be17b5e1edc617052b4dbf4007875fc0_96x96.jpg?1708077568,Crystal,86,0,UNK
Kogi Tacos,18341739,27,0,Leviathan,Primal,886,0,85e92b171289985e04c075424f59c1fb_a91aae52cff9ef65932db06b150ffd47fc0_96x96.jpg?1708077640,Crystal,114,0,UNK
Dandy Lyon,9088850,28,0,Leviathan,Primal,880,0,5e652518b4930ff5cb411a5818760318_a91aae52cff9ef65932db06b150ffd47fc0_96x96.jpg?1708079556,Crystal,76,0,UNK
Sergeant Johnson,51199418,29,0,Excalibur,Primal,800,0,4234b17dd94e6357c125cea87c47cf0a_745baffc465480ed372e274d50318290fc0_96x96.jpg?1708077741,Crystal,196,0,UNK
Ninety-nine Agility,43878532,30,0,Famfrit,Primal,791,0,07309ebd18b321f5df47f9ab79049d40_fce4949e615393e574f2d57134b31fc1fc0_96x96.jpg?1708078742,Crystal,32,0,UNK
Nikau Milkdud,30842976,31,0,Lamia,Primal,709,0,2ffee265e9fb9491997d30306dc67cc3_4d9be17b5e1edc617052b4dbf4007875fc0_96x96.jpg?1708076014,Crystal,75,0,UNK
Aahaha Hahahahaha,31743716,32,0,Exodus,Primal,706,0,77935bdcfdbdbcd8404ce28584023170_0cdf051c93865faa15cbc5cd3d2b69fbfc0_96x96.jpg?1708077034,Crystal,33,0,UNK
Finch Curador,30712387,33,0,Leviathan,Primal,689,0,a7767d35320b852f509e7dd68b0151d4_a91aae52cff9ef65932db06b150ffd47fc0_96x96.jpg?1708078108,Crystal,54,0,UNK
Terro Mctwisp,49469934,34,0,Leviathan,Primal,617,0,4f22d821591ca7181ba2027974b77e2f_a91aae52cff9ef65932db06b150ffd47fc0_96x96.jpg?1708078200,Crystal,30,0,UNK
Strictly Pvp,44615727,35,0,Leviathan,Primal,604,0,94e2fc888a9be92f68161154207cf6be_a91aae52cff9ef65932db06b150ffd47fc0_96x96.jpg?1708078181,Crystal,31,0,UNK
Null Zeta,31940004,36,0,Excalibur,Primal,599,0,0d591dc765bf21549752d8542453af29_745baffc465480ed372e274d50318290fc0_96x96.jpg?1708077564,Crystal,63,0,UNK
A'is Catalt,41573989,37,0,Exodus,Primal,598,0,4c23218ad4da9cbf1a460d6545088244_0cdf051c93865faa15cbc5cd3d2b69fbfc0_96x96.jpg?1708078687,Crystal,38,0,UNK
Octavia Sinclair,24094800,38,0,Behemoth,Primal,594,0,3ed85383cd6415a51c5fa99023fb9d9e_be20385e18333edb329d4574f364a1f0fc0_96x96.jpg?1708078750,Crystal,180,0,UNK
Trowa Blackfrost,5118348,39,0,Excalibur,Primal,588,0,87573affb0e657c31ef04338978aa897_745baffc465480ed372e274d50318290fc0_96x96.jpg?1708077377,Crystal,34,0,UNK
Buzzy Wuzzy,49032725,40,0,Leviathan,Primal,582,0,7211b6585604981b72be17550b4b08f2_a91aae52cff9ef65932db06b150ffd47fc0_96x96.jpg?1708076376,Crystal,56,0,UNK
Very Loooooooooooong,39723109,41,0,Hyperion,Primal,565,0,1361b90f861d2c0c89c1c94c8b9e57d3_57ae9ee5592123dd79c8912bf768cf99fc0_96x96.jpg?1708078572,Crystal,38,0,UNK
A'ri Ryun,28037044,42,0,Leviathan,Primal,525,0,172f2e7a4bf3015cdc729f4d380c0fd5_a91aae52cff9ef65932db06b150ffd47fc0_96x96.jpg?1708076378,Crystal,74,0,UNK
Recette Lemongrass,45876373,43,0,Exodus,Primal,504,0,8fbaa0a0a0df33362d7d3386bd3facb6_0cdf051c93865faa15cbc5cd3d2b69fbfc0_96x96.jpg?1708076840,Crystal,24,0,UNK
Point Kitten,49745178,44,0,Ultros,Primal,501,0,a2a6f8bbf304236c83822f01a2b61f13_c514cdcdb619439df97d906d4434ccc6fc0_96x96.jpg?1708078798,Crystal,22,0,UNK
Sera Viegart,12102907,45,0,Exodus,Primal,500,0,7884797ca2952f34e8c37910e3a2e011_0cdf051c93865faa15cbc5cd3d2b69fbfc0_96x96.jpg?1708076412,Crystal,124,0,UNK
Senka Kyo,40405843,46,0,Behemoth,Primal,499,0,57edcac1396cccc62373cfaa1109ab06_be20385e18333edb329d4574f364a1f0fc0_96x96.jpg?1708078835,Crystal,110,0,UNK
Kamyu Lansfeld,28880371,47,0,Famfrit,Primal,497,0,9a0efd3a78e531856c1a2a48fb029512_fce4949e615393e574f2d57134b31fc1fc0_96x96.jpg?1708077656,Crystal,81,0,UNK
Tira Mitsu,32898452,48,0,Famfrit,Primal,496,0,4b1c9d5649682a146debae73c60e6165_fce4949e615393e574f2d57134b31fc1fc0_96x96.jpg?1708078284,Crystal,48,0,UNK
Ruby Toe,8922543,49,0,Lamia,Primal,494,0,dbfd486c03ee78c99dcd2871d14df044_4d9be17b5e1edc617052b4dbf4007875fc0_96x96.jpg?1708079535,Crystal,66,0,UNK
Alice Schuberg,6055441,50,0,Behemoth,Primal,494,0,c2b4740d12d6edf104034c6e843edd63_be20385e18333edb329d4574f364a1f0fc0_96x96.jpg?1708077995,Crystal,41,0,UNK
Apocalus Van'zandt,10350828,51,0,Hyperion,Primal,492,0,ca0bd01fc4516b9be7aa32ec0cb61561_57ae9ee5592123dd79c8912bf768cf99fc0_96x96.jpg?1708077365,Crystal,138,0,UNK
Gracidea Blossom,4573171,52,0,Lamia,Primal,483,0,12afdfb12aebd14365b3149875fee65f_4d9be17b5e1edc617052b4dbf4007875fc0_96x96.jpg?1708076112,Crystal,29,0,UNK
Pallas Strife,14776001,53,0,Behemoth,Primal,401,0,8f30cda921a1897b087f76ce8b569380_be20385e18333edb329d4574f364a1f0fc0_96x96.jpg?1708077091,Crystal,75,0,UNK
Shum Two,49444977,54,0,Exodus,Primal,401,0,553e4f97ea3f6aa5be2096a8e322a3f8_0cdf051c93865faa15cbc5cd3d2b69fbfc0_96x96.jpg?1708077905,Crystal,66,0,UNK
Speem Whale,51210374,55,0,Leviathan,Primal,399,0,2a6100e2e013cf11b34e95b5e693d9ae_a91aae52cff9ef65932db06b150ffd47fc0_96x96.jpg?1708078263,Crystal,90,0,UNK
Xianra Bryne,4015592,56,0,Excalibur,Primal,398,0,770b7228e5d013ae3146fc6330b9b756_745baffc465480ed372e274d50318290fc0_96x96.jpg?1708079556,Crystal,138,0,UNK
Goemon Da-cat,33537349,57,0,Behemoth,Primal,398,0,43966a550ccf1c1bef04bbdf44d30910_be20385e18333edb329d4574f364a1f0fc0_96x96.jpg?1708078197,Crystal,49,0,UNK
Ezekiell Zepol,1180389,58,0,Excalibur,Primal,396,0,4ad42e78dbedc29967c7a80c89723218_745baffc465480ed372e274d50318290fc0_96x96.jpg?1708077831,Crystal,36,0,UNK
Thwosau Uyagir,27672029,59,0,Ultros,Primal,394,0,26c05becd109bcec866c5f5306c140dc_c514cdcdb619439df97d906d4434ccc6fc0_96x96.jpg?1708076843,Crystal,42,0,UNK
Eternal Slumber,25903660,60,0,Hyperion,Primal,303,0,e04969696b7e202db5371bd7c0b62231_57ae9ee5592123dd79c8912bf768cf99fc0_96x96.jpg?1708076851,Crystal,204,0,UNK
Raevus Astra,24944724,61,0,Leviathan,Primal,303,0,dd0cef59f90722dfa50e0804e6006800_a91aae52cff9ef65932db06b150ffd47fc0_96x96.jpg?1708077411,Crystal,113,0,UNK
Kudlak Tepes,50501242,62,0,Exodus,Primal,300,0,ca2d81d53349090b9b1b492471e57f35_0cdf051c93865faa15cbc5cd3d2b69fbfc0_96x96.jpg?1708076919,Crystal,88,0,UNK
Brian Ricardo,19812890,63,0,Famfrit,Primal,300,0,b766c3877bf70a033cdca4db70ad3ea8_fce4949e615393e574f2d57134b31fc1fc0_96x96.jpg?1708077462,Crystal,39,0,UNK
Xiao Longbao,31670807,64,0,Excalibur,Primal,299,0,b9d8562547d5b9d8e86054d9061c6a23_745baffc465480ed372e274d50318290fc0_96x96.jpg?1708079168,Crystal,350,0,UNK
Nemx Eisenhorn,2244246,65,0,Excalibur,Primal,299,0,8d22c9821683049e16868ac1de65df41_745baffc465480ed372e274d50318290fc0_96x96.jpg?1708076204,Crystal,65,0,UNK
Nemx Takeuchi,43679010,66,0,Excalibur,Primal,299,0,14abc372f60fdda90f30d64457c232b3_745baffc465480ed372e274d50318290fc0_96x96.jpg?1708077768,Crystal,18,0,UNK
Metal Saint,47377784,67,0,Lamia,Primal,298,0,bf64db9fe788a7971d054504b03f4a09_4d9be17b5e1edc617052b4dbf4007875fc0_96x96.jpg?1708076148,Crystal,49,0,UNK
Akam Mizuna,11803947,68,0,Leviathan,Primal,298,0,8c8c482c7a3d1c6cf89407e6cf103b32_a91aae52cff9ef65932db06b150ffd47fc0_96x96.jpg?1708076748,Crystal,41,0,UNK
F'resha Vocado,11873753,69,0,Ultros,Primal,297,0,1cdf226531e04fc7fd4e0e869b2d123d_c514cdcdb619439df97d906d4434ccc6fc0_96x96.jpg?1708078440,Crystal,45,0,UNK
Moon Kun,43832096,70,0,Famfrit,Primal,297,0,1173b1ac6cef4b76f42ff743b45d7305_fce4949e615393e574f2d57134b31fc1fc0_96x96.jpg?1708076733,Crystal,25,0,UNK
Jeanne Saint,20445342,71,0,Leviathan,Primal,296,0,89d7b355539e181e2d0c9cd890f6f062_a91aae52cff9ef65932db06b150ffd47fc0_96x96.jpg?1708077490,Crystal,240,0,UNK
Speem Whale,51220221,72,0,Excalibur,Primal,201,0,f1b04aa626472a08642b4f93d911f87c_745baffc465480ed372e274d50318290fc0_96x96.jpg?1708078355,Crystal,50,0,UNK
Veya Arcsaber,22816588,73,0,Hyperion,Primal,201,0,1a30b39e4c1229df6efee374e969f087_57ae9ee5592123dd79c8912bf768cf99fc0_96x96.jpg?1708076113,Crystal,49,0,UNK
Kanae Kocho,36806118,74,0,Ultros,Primal,200,0,8969e8a0b518902a3996525f822b4701_c514cdcdb619439df97d906d4434ccc6fc0_96x96.jpg?1708076671,Crystal,118,0,UNK
Hunie Pop,37396085,75,0,Ultros,Primal,200,0,8a72b357002474c02d597d6e8bc94cee_c514cdcdb619439df97d906d4434ccc6fc0_96x96.jpg?1708077283,Crystal,115,0,UNK
Jung Dhadeh,37157045,76,0,Leviathan,Primal,200,0,fa17da6181676e0d2fddeb3a479b64bf_a91aae52cff9ef65932db06b150ffd47fc0_96x96.jpg?1708077557,Crystal,92,0,UNK
Lucio Harundo,4012099,77,0,Leviathan,Primal,200,0,d042eff245eaa56c0b6989df68a99564_a91aae52cff9ef65932db06b150ffd47fc0_96x96.jpg?1708079428,Crystal,61,0,UNK
Suho Thamasa,29478863,78,0,Hyperion,Primal,200,0,5a1f26eb5676742192b41e767e7e2071_57ae9ee5592123dd79c8912bf768cf99fc0_96x96.jpg?1708078366,Crystal,44,0,UNK
Oerba Fang,13248730,79,0,Lamia,Primal,200,0,ad04e71ce929b5285a84bb7759b47b33_4d9be17b5e1edc617052b4dbf4007875fc0_96x96.jpg?1708078643,Crystal,22,0,UNK
Cookies N'cream,16611908,80,0,Lamia,Primal,199,0,061ee8f5b81fba7d21f153c18d667a36_4d9be17b5e1edc617052b4dbf4007875fc0_96x96.jpg?1708078931,Crystal,187,0,UNK
Healer Kitten,49623917,81,0,Leviathan,Primal,193,0,ec5c136567d815b1fe4e85f389fb85ac_a91aae52cff9ef65932db06b150ffd47fc0_96x96.jpg?1708076488,Crystal,29,0,UNK
Adelina Hallowswift,39218099,82,0,Famfrit,Primal,100,0,0fbf9d5b1d3e34f61cf91a6a61f3d0d5_fce4949e615393e574f2d57134b31fc1fc0_96x96.jpg?1708077210,Crystal,189,0,UNK
Dread Ross,4916315,83,0,Exodus,Primal,100,0,dafd63f0b3ce97e8283a4d153f0acd06_0cdf051c93865faa15cbc5cd3d2b69fbfc0_96x96.jpg?1708079189,Crystal,127,0,UNK
Lulumi Lumi,4385892,84,0,Excalibur,Primal,100,0,f67f0afcda21270147df40ff6110d899_745baffc465480ed372e274d50318290fc0_96x96.jpg?1708077030,Crystal,124,0,UNK
Tumor Qasire,39081290,85,0,Behemoth,Primal,100,0,782f62f86df1a371c82b78b552e9e836_be20385e18333edb329d4574f364a1f0fc0_96x96.jpg?1708077917,Crystal,106,0,UNK
Morrigan Requiem,44612983,86,0,Leviathan,Primal,100,0,3814464d619511c30c8d974a97eeb4dd_a91aae52cff9ef65932db06b150ffd47fc0_96x96.jpg?1708078563,Crystal,77,0,UNK
Takume Fujiwara,25060367,87,0,Ultros,Primal,100,0,41cd93886c8f24c267314ea18000518e_c514cdcdb619439df97d906d4434ccc6fc0_96x96.jpg?1708076232,Crystal,69,0,UNK
Cheeks Clappingway,39180297,88,0,Exodus,Primal,100,0,7a7696f62bd7f45899366ad4831b180b_0cdf051c93865faa15cbc5cd3d2b69fbfc0_96x96.jpg?1708078995,Crystal,55,0,UNK
Rubedo Ginshi,15639088,89,0,Lamia,Primal,100,0,bbc5b3eb96e1a1691fb9abb344fc3217_4d9be17b5e1edc617052b4dbf4007875fc0_96x96.jpg?1708076499,Crystal,51,0,UNK
Carmen Sandoval,50973042,90,0,Behemoth,Primal,100,0,7fe1ce46a1a5fec7e53103d9a7be8f99_be20385e18333edb329d4574f364a1f0fc0_96x96.jpg?1708076111,Crystal,50,0,UNK
Jehuty Apophis,12911440,91,0,Exodus,Primal,100,0,1653daa8923be02b19f610801d72abd2_0cdf051c93865faa15cbc5cd3d2b69fbfc0_96x96.jpg?1708078292,Crystal,48,0,UNK
Seven Stand,44046453,92,0,Leviathan,Primal,100,0,e4e8c5681e6fb7494553475cc5d510d9_a91aae52cff9ef65932db06b150ffd47fc0_96x96.jpg?1708076125,Crystal,45,0,UNK
Jun Elco,11330181,93,0,Exodus,Primal,100,0,90e91e52c7fb6d96f138887d23f00094_0cdf051c93865faa15cbc5cd3d2b69fbfc0_96x96.jpg?1708078547,Crystal,41,0,UNK
Slayer Zeta,30016639,94,0,Lamia,Primal,100,0,f801dc0de7a17bd3a2539409c45e4ece_4d9be17b5e1edc617052b4dbf4007875fc0_96x96.jpg?1708079026,Crystal,39,0,UNK
V'linh Tia,35736983,95,0,Hyperion,Primal,100,0,760e31f96b4d3b3534fcdc43c9564fab_57ae9ee5592123dd79c8912bf768cf99fc0_96x96.jpg?1708077007,Crystal,36,0,UNK
Nia Yukumo,22530343,96,0,Lamia,Primal,100,0,41fe576462de4cc12ab76d6d29ef58e4_4d9be17b5e1edc617052b4dbf4007875fc0_96x96.jpg?1708076563,Crystal,31,0,UNK
Blueberry Cupcake,33855489,97,0,Exodus,Primal,100,0,0460f54efd490cd281c0c93821e4cd95_0cdf051c93865faa15cbc5cd3d2b69fbfc0_96x96.jpg?1708077667,Crystal,30,0,UNK
Mash Buttons,12470854,98,0,Ultros,Primal,100,0,eec5508ec2ce3844fd62caa5b87a24d8_c514cdcdb619439df97d906d4434ccc6fc0_96x96.jpg?1708078214,Crystal,29,0,UNK
Sylvie Laufeydottir,34538993,99,0,Excalibur,Primal,100,0,9616dd9fb2f730872b537cbe9c29ae73_745baffc465480ed372e274d50318290fc0_96x96.jpg?1708077212,Crystal,28,0,UNK
Viridia Ledya,11217134,100,0,Lamia,Primal,100,0,ea77a303becaa3a8b22d88bc91f5dd3d_4d9be17b5e1edc617052b4dbf4007875fc0_96x96.jpg?1708077645,Crystal,23,0,UNK
